MMPID	CHR	START	STOP	SAMPLE_ID	FC_X	FC_H3	FC_K27	ABS_K4	GENE	FC_EXPRESSION
1	chr1	9942	10653	DL135	2.71	0.736	1.788	58.615	DDX11L1	0
1	chr1	9942	10653	DL140	0	0.259	1.674	24.870	DDX11L1	0
1	chr1	9942	10653	DL166	0	0.497	0	22.187	DDX11L1	0
1	chr1	9942	10653	DL188	0	1.682	3.089	79.603	DDX11L1	0
1	chr1	9942	10653	DL191	0	0.656	0	0	DDX11L1	0
1	chr1	9942	10653	DL3A193	0	0.486	0	0	DDX11L1	0
1	chr1	9942	10653	DL237	1.93	0.403	2.487	33.533	DDX11L1	0
1	chr1	9942	10653	DL252	1.58	0.893	0.817	49.844	DDX11L1	0
1	chr1	9942	10653	DL273	2.67	0.283	2.323	33.047	DDX11L1	0
1	chr1	9942	10653	DL397	2.03	0.606	0	0	DDX11L1	0
1	chr1	9942	10653	DL3A538	1.32	0.353	0.505	28.076	DDX11L1	0
1	chr1	9942	10653	DL551	1.49	0.157	0.719	25.735	DDX11L1	0
1	chr1	9942	10653	DL487	1.57	0	0	0	DDX11L1	0
1	chr1	9942	10653	DL3B538	0	0	0	0	DDX11L1	0
1	chr1	9942	10653	DL135	2.71	0.736	1.788	58.615	MIR1302-11	0
1	chr1	9942	10653	DL140	0	0.259	1.674	24.870	MIR1302-11	0
1	chr1	9942	10653	DL166	0	0.497	0	22.187	MIR1302-11	0
1	chr1	9942	10653	DL188	0	1.682	3.089	79.603	MIR1302-11	0
1	chr1	9942	10653	DL191	0	0.656	0	0	MIR1302-11	0
1	chr1	9942	10653	DL3A193	0	0.486	0	0	MIR1302-11	0
1	chr1	9942	10653	DL237	1.93	0.403	2.487	33.533	MIR1302-11	0
1	chr1	9942	10653	DL252	1.58	0.893	0.817	49.844	MIR1302-11	0
1	chr1	9942	10653	DL273	2.67	0.283	2.323	33.047	MIR1302-11	0
1	chr1	9942	10653	DL397	2.03	0.606	0	0	MIR1302-11	0
1	chr1	9942	10653	DL3A538	1.32	0.353	0.505	28.076	MIR1302-11	0
1	chr1	9942	10653	DL551	1.49	0.157	0.719	25.735	MIR1302-11	0
1	chr1	9942	10653	DL487	1.57	0	0	0	MIR1302-11	0
1	chr1	9942	10653	DL3B538	0	0	0	0	MIR1302-11	0
1	chr1	9942	10653	DL135	2.71	0.736	1.788	58.615	WASH7P	2.011
1	chr1	9942	10653	DL140	0	0.259	1.674	24.870	WASH7P	0
1	chr1	9942	10653	DL166	0	0.497	0	22.187	WASH7P	1.229
1	chr1	9942	10653	DL188	0	1.682	3.089	79.603	WASH7P	0
1	chr1	9942	10653	DL191	0	0.656	0	0	WASH7P	0.542
1	chr1	9942	10653	DL3A193	0	0.486	0	0	WASH7P	0.691
1	chr1	9942	10653	DL237	1.93	0.403	2.487	33.533	WASH7P	1.192
1	chr1	9942	10653	DL252	1.58	0.893	0.817	49.844	WASH7P	0.847
1	chr1	9942	10653	DL273	2.67	0.283	2.323	33.047	WASH7P	0
1	chr1	9942	10653	DL397	2.03	0.606	0	0	WASH7P	0.897
1	chr1	9942	10653	DL3A538	1.32	0.353	0.505	28.076	WASH7P	0
1	chr1	9942	10653	DL551	1.49	0.157	0.719	25.735	WASH7P	0.392
1	chr1	9942	10653	DL487	1.57	0	0	0	WASH7P	0
1	chr1	9942	10653	DL3B538	0	0	0	0	WASH7P	0.484
1	chr1	9942	10653	DL135	2.71	0.736	1.788	58.615	FAM138A	0.491
1	chr1	9942	10653	DL140	0	0.259	1.674	24.870	FAM138A	0
1	chr1	9942	10653	DL166	0	0.497	0	22.187	FAM138A	0.211
1	chr1	9942	10653	DL188	0	1.682	3.089	79.603	FAM138A	0
1	chr1	9942	10653	DL191	0	0.656	0	0	FAM138A	1.235
1	chr1	9942	10653	DL3A193	0	0.486	0	0	FAM138A	0.446
1	chr1	9942	10653	DL237	1.93	0.403	2.487	33.533	FAM138A	0.207
1	chr1	9942	10653	DL252	1.58	0.893	0.817	49.844	FAM138A	0.212
1	chr1	9942	10653	DL273	2.67	0.283	2.323	33.047	FAM138A	0
1	chr1	9942	10653	DL397	2.03	0.606	0	0	FAM138A	0.484
1	chr1	9942	10653	DL3A538	1.32	0.353	0.505	28.076	FAM138A	0
1	chr1	9942	10653	DL551	1.49	0.157	0.719	25.735	FAM138A	0.551
1	chr1	9942	10653	DL487	1.57	0	0	0	FAM138A	0
1	chr1	9942	10653	DL3B538	0	0	0	0	FAM138A	0.357
1	chr1	9942	10653	DL135	2.71	0.736	1.788	58.615	OR4G4P	0
1	chr1	9942	10653	DL140	0	0.259	1.674	24.870	OR4G4P	0
1	chr1	9942	10653	DL166	0	0.497	0	22.187	OR4G4P	0
1	chr1	9942	10653	DL188	0	1.682	3.089	79.603	OR4G4P	0
1	chr1	9942	10653	DL191	0	0.656	0	0	OR4G4P	0
1	chr1	9942	10653	DL3A193	0	0.486	0	0	OR4G4P	0
1	chr1	9942	10653	DL237	1.93	0.403	2.487	33.533	OR4G4P	0
1	chr1	9942	10653	DL252	1.58	0.893	0.817	49.844	OR4G4P	0
1	chr1	9942	10653	DL273	2.67	0.283	2.323	33.047	OR4G4P	0
1	chr1	9942	10653	DL397	2.03	0.606	0	0	OR4G4P	0
1	chr1	9942	10653	DL3A538	1.32	0.353	0.505	28.076	OR4G4P	0
1	chr1	9942	10653	DL551	1.49	0.157	0.719	25.735	OR4G4P	0
1	chr1	9942	10653	DL487	1.57	0	0	0	OR4G4P	0
1	chr1	9942	10653	DL3B538	0	0	0	0	OR4G4P	0
1	chr1	9942	10653	DL135	2.71	0.736	1.788	58.615	OR4G11P	0
1	chr1	9942	10653	DL140	0	0.259	1.674	24.870	OR4G11P	0
1	chr1	9942	10653	DL166	0	0.497	0	22.187	OR4G11P	0
1	chr1	9942	10653	DL188	0	1.682	3.089	79.603	OR4G11P	0
1	chr1	9942	10653	DL191	0	0.656	0	0	OR4G11P	0
1	chr1	9942	10653	DL3A193	0	0.486	0	0	OR4G11P	0
1	chr1	9942	10653	DL237	1.93	0.403	2.487	33.533	OR4G11P	0
1	chr1	9942	10653	DL252	1.58	0.893	0.817	49.844	OR4G11P	0
1	chr1	9942	10653	DL273	2.67	0.283	2.323	33.047	OR4G11P	0
1	chr1	9942	10653	DL397	2.03	0.606	0	0	OR4G11P	0
1	chr1	9942	10653	DL3A538	1.32	0.353	0.505	28.076	OR4G11P	0
1	chr1	9942	10653	DL551	1.49	0.157	0.719	25.735	OR4G11P	0
1	chr1	9942	10653	DL487	1.57	0	0	0	OR4G11P	0
1	chr1	9942	10653	DL3B538	0	0	0	0	OR4G11P	0
1	chr1	9942	10653	DL135	2.71	0.736	1.788	58.615	OR4F5	0
1	chr1	9942	10653	DL140	0	0.259	1.674	24.870	OR4F5	0
1	chr1	9942	10653	DL166	0	0.497	0	22.187	OR4F5	0
1	chr1	9942	10653	DL188	0	1.682	3.089	79.603	OR4F5	0
1	chr1	9942	10653	DL191	0	0.656	0	0	OR4F5	0
1	chr1	9942	10653	DL3A193	0	0.486	0	0	OR4F5	0
1	chr1	9942	10653	DL237	1.93	0.403	2.487	33.533	OR4F5	0
1	chr1	9942	10653	DL252	1.58	0.893	0.817	49.844	OR4F5	0
1	chr1	9942	10653	DL273	2.67	0.283	2.323	33.047	OR4F5	0
1	chr1	9942	10653	DL397	2.03	0.606	0	0	OR4F5	0
1	chr1	9942	10653	DL3A538	1.32	0.353	0.505	28.076	OR4F5	0
1	chr1	9942	10653	DL551	1.49	0.157	0.719	25.735	OR4F5	0
1	chr1	9942	10653	DL487	1.57	0	0	0	OR4F5	0
1	chr1	9942	10653	DL3B538	0	0	0	0	OR4F5	0
1	chr1	9942	10653	DL135	2.71	0.736	1.788	58.615	RP11-34P13.8	0
1	chr1	9942	10653	DL140	0	0.259	1.674	24.870	RP11-34P13.8	0
1	chr1	9942	10653	DL166	0	0.497	0	22.187	RP11-34P13.8	0
1	chr1	9942	10653	DL188	0	1.682	3.089	79.603	RP11-34P13.8	0
1	chr1	9942	10653	DL191	0	0.656	0	0	RP11-34P13.8	0
1	chr1	9942	10653	DL3A193	0	0.486	0	0	RP11-34P13.8	0
1	chr1	9942	10653	DL237	1.93	0.403	2.487	33.533	RP11-34P13.8	0
1	chr1	9942	10653	DL252	1.58	0.893	0.817	49.844	RP11-34P13.8	0
1	chr1	9942	10653	DL273	2.67	0.283	2.323	33.047	RP11-34P13.8	0
1	chr1	9942	10653	DL397	2.03	0.606	0	0	RP11-34P13.8	0
1	chr1	9942	10653	DL3A538	1.32	0.353	0.505	28.076	RP11-34P13.8	0
1	chr1	9942	10653	DL551	1.49	0.157	0.719	25.735	RP11-34P13.8	0
1	chr1	9942	10653	DL487	1.57	0	0	0	RP11-34P13.8	0
1	chr1	9942	10653	DL3B538	0	0	0	0	RP11-34P13.8	0
1	chr1	9942	10653	DL135	2.71	0.736	1.788	58.615	CICP27	0
1	chr1	9942	10653	DL140	0	0.259	1.674	24.870	CICP27	0
1	chr1	9942	10653	DL166	0	0.497	0	22.187	CICP27	0
1	chr1	9942	10653	DL188	0	1.682	3.089	79.603	CICP27	0
1	chr1	9942	10653	DL191	0	0.656	0	0	CICP27	0
1	chr1	9942	10653	DL3A193	0	0.486	0	0	CICP27	0
1	chr1	9942	10653	DL237	1.93	0.403	2.487	33.533	CICP27	0
1	chr1	9942	10653	DL252	1.58	0.893	0.817	49.844	CICP27	0
1	chr1	9942	10653	DL273	2.67	0.283	2.323	33.047	CICP27	0
1	chr1	9942	10653	DL397	2.03	0.606	0	0	CICP27	0
1	chr1	9942	10653	DL3A538	1.32	0.353	0.505	28.076	CICP27	0
1	chr1	9942	10653	DL551	1.49	0.157	0.719	25.735	CICP27	0
1	chr1	9942	10653	DL487	1.57	0	0	0	CICP27	0
1	chr1	9942	10653	DL3B538	0	0	0	0	CICP27	0
1	chr1	9942	10653	DL135	2.71	0.736	1.788	58.615	RP11-34P13.7	0
1	chr1	9942	10653	DL140	0	0.259	1.674	24.870	RP11-34P13.7	0
1	chr1	9942	10653	DL166	0	0.497	0	22.187	RP11-34P13.7	0
1	chr1	9942	10653	DL188	0	1.682	3.089	79.603	RP11-34P13.7	0
1	chr1	9942	10653	DL191	0	0.656	0	0	RP11-34P13.7	0
1	chr1	9942	10653	DL3A193	0	0.486	0	0	RP11-34P13.7	0
1	chr1	9942	10653	DL237	1.93	0.403	2.487	33.533	RP11-34P13.7	0
1	chr1	9942	10653	DL252	1.58	0.893	0.817	49.844	RP11-34P13.7	0
1	chr1	9942	10653	DL273	2.67	0.283	2.323	33.047	RP11-34P13.7	0
1	chr1	9942	10653	DL397	2.03	0.606	0	0	RP11-34P13.7	0
1	chr1	9942	10653	DL3A538	1.32	0.353	0.505	28.076	RP11-34P13.7	0
1	chr1	9942	10653	DL551	1.49	0.157	0.719	25.735	RP11-34P13.7	0
1	chr1	9942	10653	DL487	1.57	0	0	0	RP11-34P13.7	0
1	chr1	9942	10653	DL3B538	0	0	0	0	RP11-34P13.7	0
1	chr1	9942	10653	DL135	2.71	0.736	1.788	58.615	RP11-34P13.15	0
1	chr1	9942	10653	DL140	0	0.259	1.674	24.870	RP11-34P13.15	0
1	chr1	9942	10653	DL166	0	0.497	0	22.187	RP11-34P13.15	0
1	chr1	9942	10653	DL188	0	1.682	3.089	79.603	RP11-34P13.15	0
1	chr1	9942	10653	DL191	0	0.656	0	0	RP11-34P13.15	0
1	chr1	9942	10653	DL3A193	0	0.486	0	0	RP11-34P13.15	0
1	chr1	9942	10653	DL237	1.93	0.403	2.487	33.533	RP11-34P13.15	0
1	chr1	9942	10653	DL252	1.58	0.893	0.817	49.844	RP11-34P13.15	0
1	chr1	9942	10653	DL273	2.67	0.283	2.323	33.047	RP11-34P13.15	0
1	chr1	9942	10653	DL397	2.03	0.606	0	0	RP11-34P13.15	0
1	chr1	9942	10653	DL3A538	1.32	0.353	0.505	28.076	RP11-34P13.15	0
1	chr1	9942	10653	DL551	1.49	0.157	0.719	25.735	RP11-34P13.15	0
1	chr1	9942	10653	DL487	1.57	0	0	0	RP11-34P13.15	0
1	chr1	9942	10653	DL3B538	0	0	0	0	RP11-34P13.15	0
1	chr1	9942	10653	DL135	2.71	0.736	1.788	58.615	RP11-34P13.16	0
1	chr1	9942	10653	DL140	0	0.259	1.674	24.870	RP11-34P13.16	0
1	chr1	9942	10653	DL166	0	0.497	0	22.187	RP11-34P13.16	0
1	chr1	9942	10653	DL188	0	1.682	3.089	79.603	RP11-34P13.16	0
1	chr1	9942	10653	DL191	0	0.656	0	0	RP11-34P13.16	0
1	chr1	9942	10653	DL3A193	0	0.486	0	0	RP11-34P13.16	0
1	chr1	9942	10653	DL237	1.93	0.403	2.487	33.533	RP11-34P13.16	0
1	chr1	9942	10653	DL252	1.58	0.893	0.817	49.844	RP11-34P13.16	0
1	chr1	9942	10653	DL273	2.67	0.283	2.323	33.047	RP11-34P13.16	0
1	chr1	9942	10653	DL397	2.03	0.606	0	0	RP11-34P13.16	0
1	chr1	9942	10653	DL3A538	1.32	0.353	0.505	28.076	RP11-34P13.16	0
1	chr1	9942	10653	DL551	1.49	0.157	0.719	25.735	RP11-34P13.16	0
1	chr1	9942	10653	DL487	1.57	0	0	0	RP11-34P13.16	0
1	chr1	9942	10653	DL3B538	0	0	0	0	RP11-34P13.16	0
1	chr1	9942	10653	DL135	2.71	0.736	1.788	58.615	AL627309.1	0
1	chr1	9942	10653	DL140	0	0.259	1.674	24.870	AL627309.1	0
1	chr1	9942	10653	DL166	0	0.497	0	22.187	AL627309.1	0
1	chr1	9942	10653	DL188	0	1.682	3.089	79.603	AL627309.1	0
1	chr1	9942	10653	DL191	0	0.656	0	0	AL627309.1	0
1	chr1	9942	10653	DL3A193	0	0.486	0	0	AL627309.1	0
1	chr1	9942	10653	DL237	1.93	0.403	2.487	33.533	AL627309.1	0
1	chr1	9942	10653	DL252	1.58	0.893	0.817	49.844	AL627309.1	0
1	chr1	9942	10653	DL273	2.67	0.283	2.323	33.047	AL627309.1	0
1	chr1	9942	10653	DL397	2.03	0.606	0	0	AL627309.1	0
1	chr1	9942	10653	DL3A538	1.32	0.353	0.505	28.076	AL627309.1	0
1	chr1	9942	10653	DL551	1.49	0.157	0.719	25.735	AL627309.1	0
1	chr1	9942	10653	DL487	1.57	0	0	0	AL627309.1	0
1	chr1	9942	10653	DL3B538	0	0	0	0	AL627309.1	0
1	chr1	9942	10653	DL135	2.71	0.736	1.788	58.615	RP11-34P13.14	0
1	chr1	9942	10653	DL140	0	0.259	1.674	24.870	RP11-34P13.14	0
1	chr1	9942	10653	DL166	0	0.497	0	22.187	RP11-34P13.14	0
1	chr1	9942	10653	DL188	0	1.682	3.089	79.603	RP11-34P13.14	0
1	chr1	9942	10653	DL191	0	0.656	0	0	RP11-34P13.14	0
1	chr1	9942	10653	DL3A193	0	0.486	0	0	RP11-34P13.14	0
1	chr1	9942	10653	DL237	1.93	0.403	2.487	33.533	RP11-34P13.14	0
1	chr1	9942	10653	DL252	1.58	0.893	0.817	49.844	RP11-34P13.14	0
1	chr1	9942	10653	DL273	2.67	0.283	2.323	33.047	RP11-34P13.14	0
1	chr1	9942	10653	DL397	2.03	0.606	0	0	RP11-34P13.14	0
1	chr1	9942	10653	DL3A538	1.32	0.353	0.505	28.076	RP11-34P13.14	0
1	chr1	9942	10653	DL551	1.49	0.157	0.719	25.735	RP11-34P13.14	0
1	chr1	9942	10653	DL487	1.57	0	0	0	RP11-34P13.14	0
1	chr1	9942	10653	DL3B538	0	0	0	0	RP11-34P13.14	0
1	chr1	9942	10653	DL135	2.71	0.736	1.788	58.615	Y_RNA	0
1	chr1	9942	10653	DL140	0	0.259	1.674	24.870	Y_RNA	0
1	chr1	9942	10653	DL166	0	0.497	0	22.187	Y_RNA	0
1	chr1	9942	10653	DL188	0	1.682	3.089	79.603	Y_RNA	0
1	chr1	9942	10653	DL191	0	0.656	0	0	Y_RNA	0
1	chr1	9942	10653	DL3A193	0	0.486	0	0	Y_RNA	0
1	chr1	9942	10653	DL237	1.93	0.403	2.487	33.533	Y_RNA	0
1	chr1	9942	10653	DL252	1.58	0.893	0.817	49.844	Y_RNA	0
1	chr1	9942	10653	DL273	2.67	0.283	2.323	33.047	Y_RNA	0
1	chr1	9942	10653	DL397	2.03	0.606	0	0	Y_RNA	0
1	chr1	9942	10653	DL3A538	1.32	0.353	0.505	28.076	Y_RNA	0
1	chr1	9942	10653	DL551	1.49	0.157	0.719	25.735	Y_RNA	0
1	chr1	9942	10653	DL487	1.57	0	0	0	Y_RNA	0
1	chr1	9942	10653	DL3B538	0	0	0	0	Y_RNA	0
1	chr1	9942	10653	DL135	2.71	0.736	1.788	58.615	RNU6-1100P	0
1	chr1	9942	10653	DL140	0	0.259	1.674	24.870	RNU6-1100P	0
1	chr1	9942	10653	DL166	0	0.497	0	22.187	RNU6-1100P	0
1	chr1	9942	10653	DL188	0	1.682	3.089	79.603	RNU6-1100P	0
1	chr1	9942	10653	DL191	0	0.656	0	0	RNU6-1100P	0
1	chr1	9942	10653	DL3A193	0	0.486	0	0	RNU6-1100P	0
1	chr1	9942	10653	DL237	1.93	0.403	2.487	33.533	RNU6-1100P	0
1	chr1	9942	10653	DL252	1.58	0.893	0.817	49.844	RNU6-1100P	0
1	chr1	9942	10653	DL273	2.67	0.283	2.323	33.047	RNU6-1100P	0
1	chr1	9942	10653	DL397	2.03	0.606	0	0	RNU6-1100P	0
1	chr1	9942	10653	DL3A538	1.32	0.353	0.505	28.076	RNU6-1100P	0
1	chr1	9942	10653	DL551	1.49	0.157	0.719	25.735	RNU6-1100P	0
1	chr1	9942	10653	DL487	1.57	0	0	0	RNU6-1100P	0
1	chr1	9942	10653	DL3B538	0	0	0	0	RNU6-1100P	0
1	chr1	9942	10653	DL135	2.71	0.736	1.788	58.615	RP11-34P13.9	0
1	chr1	9942	10653	DL140	0	0.259	1.674	24.870	RP11-34P13.9	0
1	chr1	9942	10653	DL166	0	0.497	0	22.187	RP11-34P13.9	0
1	chr1	9942	10653	DL188	0	1.682	3.089	79.603	RP11-34P13.9	0
1	chr1	9942	10653	DL191	0	0.656	0	0	RP11-34P13.9	0
1	chr1	9942	10653	DL3A193	0	0.486	0	0	RP11-34P13.9	0
1	chr1	9942	10653	DL237	1.93	0.403	2.487	33.533	RP11-34P13.9	0
1	chr1	9942	10653	DL252	1.58	0.893	0.817	49.844	RP11-34P13.9	0
1	chr1	9942	10653	DL273	2.67	0.283	2.323	33.047	RP11-34P13.9	0
1	chr1	9942	10653	DL397	2.03	0.606	0	0	RP11-34P13.9	0
1	chr1	9942	10653	DL3A538	1.32	0.353	0.505	28.076	RP11-34P13.9	0
1	chr1	9942	10653	DL551	1.49	0.157	0.719	25.735	RP11-34P13.9	0
1	chr1	9942	10653	DL487	1.57	0	0	0	RP11-34P13.9	0
1	chr1	9942	10653	DL3B538	0	0	0	0	RP11-34P13.9	0
1	chr1	9942	10653	DL135	2.71	0.736	1.788	58.615	RP11-34P13.13	0
1	chr1	9942	10653	DL140	0	0.259	1.674	24.870	RP11-34P13.13	0
1	chr1	9942	10653	DL166	0	0.497	0	22.187	RP11-34P13.13	0
1	chr1	9942	10653	DL188	0	1.682	3.089	79.603	RP11-34P13.13	0
1	chr1	9942	10653	DL191	0	0.656	0	0	RP11-34P13.13	0
1	chr1	9942	10653	DL3A193	0	0.486	0	0	RP11-34P13.13	0
1	chr1	9942	10653	DL237	1.93	0.403	2.487	33.533	RP11-34P13.13	0
1	chr1	9942	10653	DL252	1.58	0.893	0.817	49.844	RP11-34P13.13	0
1	chr1	9942	10653	DL273	2.67	0.283	2.323	33.047	RP11-34P13.13	0
1	chr1	9942	10653	DL397	2.03	0.606	0	0	RP11-34P13.13	0
1	chr1	9942	10653	DL3A538	1.32	0.353	0.505	28.076	RP11-34P13.13	0
1	chr1	9942	10653	DL551	1.49	0.157	0.719	25.735	RP11-34P13.13	0
1	chr1	9942	10653	DL487	1.57	0	0	0	RP11-34P13.13	0
1	chr1	9942	10653	DL3B538	0	0	0	0	RP11-34P13.13	0
1	chr1	9942	10653	DL135	2.71	0.736	1.788	58.615	AP006222.1	0
1	chr1	9942	10653	DL140	0	0.259	1.674	24.870	AP006222.1	0
1	chr1	9942	10653	DL166	0	0.497	0	22.187	AP006222.1	0
1	chr1	9942	10653	DL188	0	1.682	3.089	79.603	AP006222.1	0
1	chr1	9942	10653	DL191	0	0.656	0	0	AP006222.1	0
1	chr1	9942	10653	DL3A193	0	0.486	0	0	AP006222.1	0
1	chr1	9942	10653	DL237	1.93	0.403	2.487	33.533	AP006222.1	0
1	chr1	9942	10653	DL252	1.58	0.893	0.817	49.844	AP006222.1	0
1	chr1	9942	10653	DL273	2.67	0.283	2.323	33.047	AP006222.1	0
1	chr1	9942	10653	DL397	2.03	0.606	0	0	AP006222.1	0
1	chr1	9942	10653	DL3A538	1.32	0.353	0.505	28.076	AP006222.1	0
1	chr1	9942	10653	DL551	1.49	0.157	0.719	25.735	AP006222.1	0
1	chr1	9942	10653	DL487	1.57	0	0	0	AP006222.1	0
1	chr1	9942	10653	DL3B538	0	0	0	0	AP006222.1	0
1	chr1	9942	10653	DL135	2.71	0.736	1.788	58.615	AP006222.2	0
1	chr1	9942	10653	DL140	0	0.259	1.674	24.870	AP006222.2	0
1	chr1	9942	10653	DL166	0	0.497	0	22.187	AP006222.2	0
1	chr1	9942	10653	DL188	0	1.682	3.089	79.603	AP006222.2	0
1	chr1	9942	10653	DL191	0	0.656	0	0	AP006222.2	0
1	chr1	9942	10653	DL3A193	0	0.486	0	0	AP006222.2	0
1	chr1	9942	10653	DL237	1.93	0.403	2.487	33.533	AP006222.2	0
1	chr1	9942	10653	DL252	1.58	0.893	0.817	49.844	AP006222.2	0
1	chr1	9942	10653	DL273	2.67	0.283	2.323	33.047	AP006222.2	0
1	chr1	9942	10653	DL397	2.03	0.606	0	0	AP006222.2	0
1	chr1	9942	10653	DL3A538	1.32	0.353	0.505	28.076	AP006222.2	0
1	chr1	9942	10653	DL551	1.49	0.157	0.719	25.735	AP006222.2	0
1	chr1	9942	10653	DL487	1.57	0	0	0	AP006222.2	0
1	chr1	9942	10653	DL3B538	0	0	0	0	AP006222.2	0
1	chr1	9942	10653	DL135	2.71	0.736	1.788	58.615	RP4-669L17.10	0
1	chr1	9942	10653	DL140	0	0.259	1.674	24.870	RP4-669L17.10	0
1	chr1	9942	10653	DL166	0	0.497	0	22.187	RP4-669L17.10	0
1	chr1	9942	10653	DL188	0	1.682	3.089	79.603	RP4-669L17.10	0
1	chr1	9942	10653	DL191	0	0.656	0	0	RP4-669L17.10	0
1	chr1	9942	10653	DL3A193	0	0.486	0	0	RP4-669L17.10	0
1	chr1	9942	10653	DL237	1.93	0.403	2.487	33.533	RP4-669L17.10	0
1	chr1	9942	10653	DL252	1.58	0.893	0.817	49.844	RP4-669L17.10	0
1	chr1	9942	10653	DL273	2.67	0.283	2.323	33.047	RP4-669L17.10	0
1	chr1	9942	10653	DL397	2.03	0.606	0	0	RP4-669L17.10	0
1	chr1	9942	10653	DL3A538	1.32	0.353	0.505	28.076	RP4-669L17.10	0
1	chr1	9942	10653	DL551	1.49	0.157	0.719	25.735	RP4-669L17.10	0
1	chr1	9942	10653	DL487	1.57	0	0	0	RP4-669L17.10	0
1	chr1	9942	10653	DL3B538	0	0	0	0	RP4-669L17.10	0
1	chr1	9942	10653	DL135	2.71	0.736	1.788	58.615	RP4-669L17.8	0
1	chr1	9942	10653	DL140	0	0.259	1.674	24.870	RP4-669L17.8	0
1	chr1	9942	10653	DL166	0	0.497	0	22.187	RP4-669L17.8	0
1	chr1	9942	10653	DL188	0	1.682	3.089	79.603	RP4-669L17.8	0
1	chr1	9942	10653	DL191	0	0.656	0	0	RP4-669L17.8	0
1	chr1	9942	10653	DL3A193	0	0.486	0	0	RP4-669L17.8	0
1	chr1	9942	10653	DL237	1.93	0.403	2.487	33.533	RP4-669L17.8	0
1	chr1	9942	10653	DL252	1.58	0.893	0.817	49.844	RP4-669L17.8	0
1	chr1	9942	10653	DL273	2.67	0.283	2.323	33.047	RP4-669L17.8	0
1	chr1	9942	10653	DL397	2.03	0.606	0	0	RP4-669L17.8	0
1	chr1	9942	10653	DL3A538	1.32	0.353	0.505	28.076	RP4-669L17.8	0
1	chr1	9942	10653	DL551	1.49	0.157	0.719	25.735	RP4-669L17.8	0
1	chr1	9942	10653	DL487	1.57	0	0	0	RP4-669L17.8	0
1	chr1	9942	10653	DL3B538	0	0	0	0	RP4-669L17.8	0
1	chr1	9942	10653	DL135	2.71	0.736	1.788	58.615	CICP7	0
1	chr1	9942	10653	DL140	0	0.259	1.674	24.870	CICP7	0
1	chr1	9942	10653	DL166	0	0.497	0	22.187	CICP7	0
1	chr1	9942	10653	DL188	0	1.682	3.089	79.603	CICP7	0
1	chr1	9942	10653	DL191	0	0.656	0	0	CICP7	0
1	chr1	9942	10653	DL3A193	0	0.486	0	0	CICP7	0
1	chr1	9942	10653	DL237	1.93	0.403	2.487	33.533	CICP7	0
1	chr1	9942	10653	DL252	1.58	0.893	0.817	49.844	CICP7	0
1	chr1	9942	10653	DL273	2.67	0.283	2.323	33.047	CICP7	0
1	chr1	9942	10653	DL397	2.03	0.606	0	0	CICP7	0
1	chr1	9942	10653	DL3A538	1.32	0.353	0.505	28.076	CICP7	0
1	chr1	9942	10653	DL551	1.49	0.157	0.719	25.735	CICP7	0
1	chr1	9942	10653	DL487	1.57	0	0	0	CICP7	0
1	chr1	9942	10653	DL3B538	0	0	0	0	CICP7	0
1	chr1	9942	10653	DL135	2.71	0.736	1.788	58.615	RP4-669L17.4	0
1	chr1	9942	10653	DL140	0	0.259	1.674	24.870	RP4-669L17.4	0
1	chr1	9942	10653	DL166	0	0.497	0	22.187	RP4-669L17.4	0
1	chr1	9942	10653	DL188	0	1.682	3.089	79.603	RP4-669L17.4	0
1	chr1	9942	10653	DL191	0	0.656	0	0	RP4-669L17.4	0
1	chr1	9942	10653	DL3A193	0	0.486	0	0	RP4-669L17.4	0
1	chr1	9942	10653	DL237	1.93	0.403	2.487	33.533	RP4-669L17.4	0
1	chr1	9942	10653	DL252	1.58	0.893	0.817	49.844	RP4-669L17.4	0
1	chr1	9942	10653	DL273	2.67	0.283	2.323	33.047	RP4-669L17.4	0
1	chr1	9942	10653	DL397	2.03	0.606	0	0	RP4-669L17.4	0
1	chr1	9942	10653	DL3A538	1.32	0.353	0.505	28.076	RP4-669L17.4	0
1	chr1	9942	10653	DL551	1.49	0.157	0.719	25.735	RP4-669L17.4	0
1	chr1	9942	10653	DL487	1.57	0	0	0	RP4-669L17.4	0
1	chr1	9942	10653	DL3B538	0	0	0	0	RP4-669L17.4	0
1	chr1	9942	10653	DL135	2.71	0.736	1.788	58.615	OR4F29	0
1	chr1	9942	10653	DL140	0	0.259	1.674	24.870	OR4F29	0
1	chr1	9942	10653	DL166	0	0.497	0	22.187	OR4F29	0
1	chr1	9942	10653	DL188	0	1.682	3.089	79.603	OR4F29	0
1	chr1	9942	10653	DL191	0	0.656	0	0	OR4F29	0
1	chr1	9942	10653	DL3A193	0	0.486	0	0	OR4F29	0
1	chr1	9942	10653	DL237	1.93	0.403	2.487	33.533	OR4F29	0
1	chr1	9942	10653	DL252	1.58	0.893	0.817	49.844	OR4F29	0
1	chr1	9942	10653	DL273	2.67	0.283	2.323	33.047	OR4F29	0
1	chr1	9942	10653	DL397	2.03	0.606	0	0	OR4F29	0
1	chr1	9942	10653	DL3A538	1.32	0.353	0.505	28.076	OR4F29	0
1	chr1	9942	10653	DL551	1.49	0.157	0.719	25.735	OR4F29	0
1	chr1	9942	10653	DL487	1.57	0	0	0	OR4F29	0
1	chr1	9942	10653	DL3B538	0	0	0	0	OR4F29	0
1	chr1	9942	10653	DL135	2.71	0.736	1.788	58.615	WBP1LP7	0
1	chr1	9942	10653	DL140	0	0.259	1.674	24.870	WBP1LP7	0
1	chr1	9942	10653	DL166	0	0.497	0	22.187	WBP1LP7	0
1	chr1	9942	10653	DL188	0	1.682	3.089	79.603	WBP1LP7	0
1	chr1	9942	10653	DL191	0	0.656	0	0	WBP1LP7	0
1	chr1	9942	10653	DL3A193	0	0.486	0	0	WBP1LP7	0
1	chr1	9942	10653	DL237	1.93	0.403	2.487	33.533	WBP1LP7	0
1	chr1	9942	10653	DL252	1.58	0.893	0.817	49.844	WBP1LP7	0
1	chr1	9942	10653	DL273	2.67	0.283	2.323	33.047	WBP1LP7	0
1	chr1	9942	10653	DL397	2.03	0.606	0	0	WBP1LP7	0
1	chr1	9942	10653	DL3A538	1.32	0.353	0.505	28.076	WBP1LP7	0
1	chr1	9942	10653	DL551	1.49	0.157	0.719	25.735	WBP1LP7	0
1	chr1	9942	10653	DL487	1.57	0	0	0	WBP1LP7	0
1	chr1	9942	10653	DL3B538	0	0	0	0	WBP1LP7	0
1	chr1	9942	10653	DL135	2.71	0.736	1.788	58.615	AL732372.1	0
1	chr1	9942	10653	DL140	0	0.259	1.674	24.870	AL732372.1	0
1	chr1	9942	10653	DL166	0	0.497	0	22.187	AL732372.1	0
1	chr1	9942	10653	DL188	0	1.682	3.089	79.603	AL732372.1	0
1	chr1	9942	10653	DL191	0	0.656	0	0	AL732372.1	0
1	chr1	9942	10653	DL3A193	0	0.486	0	0	AL732372.1	0
1	chr1	9942	10653	DL237	1.93	0.403	2.487	33.533	AL732372.1	0
1	chr1	9942	10653	DL252	1.58	0.893	0.817	49.844	AL732372.1	0
1	chr1	9942	10653	DL273	2.67	0.283	2.323	33.047	AL732372.1	0
1	chr1	9942	10653	DL397	2.03	0.606	0	0	AL732372.1	0
1	chr1	9942	10653	DL3A538	1.32	0.353	0.505	28.076	AL732372.1	0
1	chr1	9942	10653	DL551	1.49	0.157	0.719	25.735	AL732372.1	0
1	chr1	9942	10653	DL487	1.57	0	0	0	AL732372.1	0
1	chr1	9942	10653	DL3B538	0	0	0	0	AL732372.1	0
1	chr1	9942	10653	DL135	2.71	0.736	1.788	58.615	RP5-857K21.15	0
1	chr1	9942	10653	DL140	0	0.259	1.674	24.870	RP5-857K21.15	0
1	chr1	9942	10653	DL166	0	0.497	0	22.187	RP5-857K21.15	0
1	chr1	9942	10653	DL188	0	1.682	3.089	79.603	RP5-857K21.15	0
1	chr1	9942	10653	DL191	0	0.656	0	0	RP5-857K21.15	0
1	chr1	9942	10653	DL3A193	0	0.486	0	0	RP5-857K21.15	0
1	chr1	9942	10653	DL237	1.93	0.403	2.487	33.533	RP5-857K21.15	0
1	chr1	9942	10653	DL252	1.58	0.893	0.817	49.844	RP5-857K21.15	0
1	chr1	9942	10653	DL273	2.67	0.283	2.323	33.047	RP5-857K21.15	0
1	chr1	9942	10653	DL397	2.03	0.606	0	0	RP5-857K21.15	0
1	chr1	9942	10653	DL3A538	1.32	0.353	0.505	28.076	RP5-857K21.15	0
1	chr1	9942	10653	DL551	1.49	0.157	0.719	25.735	RP5-857K21.15	0
1	chr1	9942	10653	DL487	1.57	0	0	0	RP5-857K21.15	0
1	chr1	9942	10653	DL3B538	0	0	0	0	RP5-857K21.15	0
1	chr1	9942	10653	DL135	2.71	0.736	1.788	58.615	RP4-669L17.2	0
1	chr1	9942	10653	DL140	0	0.259	1.674	24.870	RP4-669L17.2	0
1	chr1	9942	10653	DL166	0	0.497	0	22.187	RP4-669L17.2	0
1	chr1	9942	10653	DL188	0	1.682	3.089	79.603	RP4-669L17.2	0
1	chr1	9942	10653	DL191	0	0.656	0	0	RP4-669L17.2	0
1	chr1	9942	10653	DL3A193	0	0.486	0	0	RP4-669L17.2	0
1	chr1	9942	10653	DL237	1.93	0.403	2.487	33.533	RP4-669L17.2	0
1	chr1	9942	10653	DL252	1.58	0.893	0.817	49.844	RP4-669L17.2	0
1	chr1	9942	10653	DL273	2.67	0.283	2.323	33.047	RP4-669L17.2	0
1	chr1	9942	10653	DL397	2.03	0.606	0	0	RP4-669L17.2	0
1	chr1	9942	10653	DL3A538	1.32	0.353	0.505	28.076	RP4-669L17.2	0
1	chr1	9942	10653	DL551	1.49	0.157	0.719	25.735	RP4-669L17.2	0
1	chr1	9942	10653	DL487	1.57	0	0	0	RP4-669L17.2	0
1	chr1	9942	10653	DL3B538	0	0	0	0	RP4-669L17.2	0
1	chr1	9942	10653	DL135	2.71	0.736	1.788	58.615	RP4-669L17.1	0
1	chr1	9942	10653	DL140	0	0.259	1.674	24.870	RP4-669L17.1	0
1	chr1	9942	10653	DL166	0	0.497	0	22.187	RP4-669L17.1	0
1	chr1	9942	10653	DL188	0	1.682	3.089	79.603	RP4-669L17.1	0
1	chr1	9942	10653	DL191	0	0.656	0	0	RP4-669L17.1	0
1	chr1	9942	10653	DL3A193	0	0.486	0	0	RP4-669L17.1	0
1	chr1	9942	10653	DL237	1.93	0.403	2.487	33.533	RP4-669L17.1	0
1	chr1	9942	10653	DL252	1.58	0.893	0.817	49.844	RP4-669L17.1	0
1	chr1	9942	10653	DL273	2.67	0.283	2.323	33.047	RP4-669L17.1	0
1	chr1	9942	10653	DL397	2.03	0.606	0	0	RP4-669L17.1	0
1	chr1	9942	10653	DL3A538	1.32	0.353	0.505	28.076	RP4-669L17.1	0
1	chr1	9942	10653	DL551	1.49	0.157	0.719	25.735	RP4-669L17.1	0
1	chr1	9942	10653	DL487	1.57	0	0	0	RP4-669L17.1	0
1	chr1	9942	10653	DL3B538	0	0	0	0	RP4-669L17.1	0
2	chr1	11093	11785	DL135	0.85	1.221	0.792	6.749	DDX11L1	0
2	chr1	11093	11785	DL140	0	0.954	1.572	8.658	DDX11L1	0
2	chr1	11093	11785	DL166	0	1.389	0	18.878	DDX11L1	0
2	chr1	11093	11785	DL188	0	0.824	1.387	11.324	DDX11L1	0
2	chr1	11093	11785	DL191	0	2.125	0	0	DDX11L1	0
2	chr1	11093	11785	DL3A193	0	0.522	0	0	DDX11L1	0
2	chr1	11093	11785	DL237	1.38	2.169	1.333	16.352	DDX11L1	0
2	chr1	11093	11785	DL252	1.25	1.280	0.479	5.203	DDX11L1	0
2	chr1	11093	11785	DL273	0.99	0.877	0.844	3.672	DDX11L1	0
2	chr1	11093	11785	DL397	0.88	1.221	0	0	DDX11L1	0
2	chr1	11093	11785	DL3A538	0.99	0.408	1.862	14.398	DDX11L1	0
2	chr1	11093	11785	DL551	2.66	1.608	1.686	21.055	DDX11L1	0
2	chr1	11093	11785	DL487	0.74	0	0	0	DDX11L1	0
2	chr1	11093	11785	DL3B538	0	0	0	0	DDX11L1	0
2	chr1	11093	11785	DL135	0.85	1.221	0.792	6.749	MIR1302-11	0
2	chr1	11093	11785	DL140	0	0.954	1.572	8.658	MIR1302-11	0
2	chr1	11093	11785	DL166	0	1.389	0	18.878	MIR1302-11	0
2	chr1	11093	11785	DL188	0	0.824	1.387	11.324	MIR1302-11	0
2	chr1	11093	11785	DL191	0	2.125	0	0	MIR1302-11	0
2	chr1	11093	11785	DL3A193	0	0.522	0	0	MIR1302-11	0
2	chr1	11093	11785	DL237	1.38	2.169	1.333	16.352	MIR1302-11	0
2	chr1	11093	11785	DL252	1.25	1.280	0.479	5.203	MIR1302-11	0
2	chr1	11093	11785	DL273	0.99	0.877	0.844	3.672	MIR1302-11	0
2	chr1	11093	11785	DL397	0.88	1.221	0	0	MIR1302-11	0
2	chr1	11093	11785	DL3A538	0.99	0.408	1.862	14.398	MIR1302-11	0
2	chr1	11093	11785	DL551	2.66	1.608	1.686	21.055	MIR1302-11	0
2	chr1	11093	11785	DL487	0.74	0	0	0	MIR1302-11	0
2	chr1	11093	11785	DL3B538	0	0	0	0	MIR1302-11	0
2	chr1	11093	11785	DL135	0.85	1.221	0.792	6.749	WASH7P	2.011
2	chr1	11093	11785	DL140	0	0.954	1.572	8.658	WASH7P	0
2	chr1	11093	11785	DL166	0	1.389	0	18.878	WASH7P	1.229
2	chr1	11093	11785	DL188	0	0.824	1.387	11.324	WASH7P	0
2	chr1	11093	11785	DL191	0	2.125	0	0	WASH7P	0.542
2	chr1	11093	11785	DL3A193	0	0.522	0	0	WASH7P	0.691
2	chr1	11093	11785	DL237	1.38	2.169	1.333	16.352	WASH7P	1.192
2	chr1	11093	11785	DL252	1.25	1.280	0.479	5.203	WASH7P	0.847
2	chr1	11093	11785	DL273	0.99	0.877	0.844	3.672	WASH7P	0
2	chr1	11093	11785	DL397	0.88	1.221	0	0	WASH7P	0.897
2	chr1	11093	11785	DL3A538	0.99	0.408	1.862	14.398	WASH7P	0
2	chr1	11093	11785	DL551	2.66	1.608	1.686	21.055	WASH7P	0.392
2	chr1	11093	11785	DL487	0.74	0	0	0	WASH7P	0
2	chr1	11093	11785	DL3B538	0	0	0	0	WASH7P	0.484
2	chr1	11093	11785	DL135	0.85	1.221	0.792	6.749	FAM138A	0.491
2	chr1	11093	11785	DL140	0	0.954	1.572	8.658	FAM138A	0
2	chr1	11093	11785	DL166	0	1.389	0	18.878	FAM138A	0.211
2	chr1	11093	11785	DL188	0	0.824	1.387	11.324	FAM138A	0
2	chr1	11093	11785	DL191	0	2.125	0	0	FAM138A	1.235
2	chr1	11093	11785	DL3A193	0	0.522	0	0	FAM138A	0.446
2	chr1	11093	11785	DL237	1.38	2.169	1.333	16.352	FAM138A	0.207
2	chr1	11093	11785	DL252	1.25	1.280	0.479	5.203	FAM138A	0.212
2	chr1	11093	11785	DL273	0.99	0.877	0.844	3.672	FAM138A	0
2	chr1	11093	11785	DL397	0.88	1.221	0	0	FAM138A	0.484
2	chr1	11093	11785	DL3A538	0.99	0.408	1.862	14.398	FAM138A	0
2	chr1	11093	11785	DL551	2.66	1.608	1.686	21.055	FAM138A	0.551
2	chr1	11093	11785	DL487	0.74	0	0	0	FAM138A	0
2	chr1	11093	11785	DL3B538	0	0	0	0	FAM138A	0.357
2	chr1	11093	11785	DL135	0.85	1.221	0.792	6.749	OR4G4P	0
2	chr1	11093	11785	DL140	0	0.954	1.572	8.658	OR4G4P	0
2	chr1	11093	11785	DL166	0	1.389	0	18.878	OR4G4P	0
2	chr1	11093	11785	DL188	0	0.824	1.387	11.324	OR4G4P	0
2	chr1	11093	11785	DL191	0	2.125	0	0	OR4G4P	0
2	chr1	11093	11785	DL3A193	0	0.522	0	0	OR4G4P	0
2	chr1	11093	11785	DL237	1.38	2.169	1.333	16.352	OR4G4P	0
2	chr1	11093	11785	DL252	1.25	1.280	0.479	5.203	OR4G4P	0
2	chr1	11093	11785	DL273	0.99	0.877	0.844	3.672	OR4G4P	0
2	chr1	11093	11785	DL397	0.88	1.221	0	0	OR4G4P	0
2	chr1	11093	11785	DL3A538	0.99	0.408	1.862	14.398	OR4G4P	0
2	chr1	11093	11785	DL551	2.66	1.608	1.686	21.055	OR4G4P	0
2	chr1	11093	11785	DL487	0.74	0	0	0	OR4G4P	0
2	chr1	11093	11785	DL3B538	0	0	0	0	OR4G4P	0
2	chr1	11093	11785	DL135	0.85	1.221	0.792	6.749	OR4G11P	0
2	chr1	11093	11785	DL140	0	0.954	1.572	8.658	OR4G11P	0
2	chr1	11093	11785	DL166	0	1.389	0	18.878	OR4G11P	0
2	chr1	11093	11785	DL188	0	0.824	1.387	11.324	OR4G11P	0
2	chr1	11093	11785	DL191	0	2.125	0	0	OR4G11P	0
2	chr1	11093	11785	DL3A193	0	0.522	0	0	OR4G11P	0
2	chr1	11093	11785	DL237	1.38	2.169	1.333	16.352	OR4G11P	0
2	chr1	11093	11785	DL252	1.25	1.280	0.479	5.203	OR4G11P	0
2	chr1	11093	11785	DL273	0.99	0.877	0.844	3.672	OR4G11P	0
2	chr1	11093	11785	DL397	0.88	1.221	0	0	OR4G11P	0
2	chr1	11093	11785	DL3A538	0.99	0.408	1.862	14.398	OR4G11P	0
2	chr1	11093	11785	DL551	2.66	1.608	1.686	21.055	OR4G11P	0
2	chr1	11093	11785	DL487	0.74	0	0	0	OR4G11P	0
2	chr1	11093	11785	DL3B538	0	0	0	0	OR4G11P	0
2	chr1	11093	11785	DL135	0.85	1.221	0.792	6.749	OR4F5	0
2	chr1	11093	11785	DL140	0	0.954	1.572	8.658	OR4F5	0
2	chr1	11093	11785	DL166	0	1.389	0	18.878	OR4F5	0
2	chr1	11093	11785	DL188	0	0.824	1.387	11.324	OR4F5	0
2	chr1	11093	11785	DL191	0	2.125	0	0	OR4F5	0
2	chr1	11093	11785	DL3A193	0	0.522	0	0	OR4F5	0
2	chr1	11093	11785	DL237	1.38	2.169	1.333	16.352	OR4F5	0
2	chr1	11093	11785	DL252	1.25	1.280	0.479	5.203	OR4F5	0
2	chr1	11093	11785	DL273	0.99	0.877	0.844	3.672	OR4F5	0
2	chr1	11093	11785	DL397	0.88	1.221	0	0	OR4F5	0
2	chr1	11093	11785	DL3A538	0.99	0.408	1.862	14.398	OR4F5	0
2	chr1	11093	11785	DL551	2.66	1.608	1.686	21.055	OR4F5	0
2	chr1	11093	11785	DL487	0.74	0	0	0	OR4F5	0
2	chr1	11093	11785	DL3B538	0	0	0	0	OR4F5	0
2	chr1	11093	11785	DL135	0.85	1.221	0.792	6.749	RP11-34P13.8	0
2	chr1	11093	11785	DL140	0	0.954	1.572	8.658	RP11-34P13.8	0
2	chr1	11093	11785	DL166	0	1.389	0	18.878	RP11-34P13.8	0
2	chr1	11093	11785	DL188	0	0.824	1.387	11.324	RP11-34P13.8	0
2	chr1	11093	11785	DL191	0	2.125	0	0	RP11-34P13.8	0
2	chr1	11093	11785	DL3A193	0	0.522	0	0	RP11-34P13.8	0
2	chr1	11093	11785	DL237	1.38	2.169	1.333	16.352	RP11-34P13.8	0
2	chr1	11093	11785	DL252	1.25	1.280	0.479	5.203	RP11-34P13.8	0
2	chr1	11093	11785	DL273	0.99	0.877	0.844	3.672	RP11-34P13.8	0
2	chr1	11093	11785	DL397	0.88	1.221	0	0	RP11-34P13.8	0
2	chr1	11093	11785	DL3A538	0.99	0.408	1.862	14.398	RP11-34P13.8	0
2	chr1	11093	11785	DL551	2.66	1.608	1.686	21.055	RP11-34P13.8	0
2	chr1	11093	11785	DL487	0.74	0	0	0	RP11-34P13.8	0
2	chr1	11093	11785	DL3B538	0	0	0	0	RP11-34P13.8	0
2	chr1	11093	11785	DL135	0.85	1.221	0.792	6.749	CICP27	0
2	chr1	11093	11785	DL140	0	0.954	1.572	8.658	CICP27	0
2	chr1	11093	11785	DL166	0	1.389	0	18.878	CICP27	0
2	chr1	11093	11785	DL188	0	0.824	1.387	11.324	CICP27	0
2	chr1	11093	11785	DL191	0	2.125	0	0	CICP27	0
2	chr1	11093	11785	DL3A193	0	0.522	0	0	CICP27	0
2	chr1	11093	11785	DL237	1.38	2.169	1.333	16.352	CICP27	0
2	chr1	11093	11785	DL252	1.25	1.280	0.479	5.203	CICP27	0
2	chr1	11093	11785	DL273	0.99	0.877	0.844	3.672	CICP27	0
2	chr1	11093	11785	DL397	0.88	1.221	0	0	CICP27	0
2	chr1	11093	11785	DL3A538	0.99	0.408	1.862	14.398	CICP27	0
2	chr1	11093	11785	DL551	2.66	1.608	1.686	21.055	CICP27	0
2	chr1	11093	11785	DL487	0.74	0	0	0	CICP27	0
2	chr1	11093	11785	DL3B538	0	0	0	0	CICP27	0
2	chr1	11093	11785	DL135	0.85	1.221	0.792	6.749	RP11-34P13.7	0
2	chr1	11093	11785	DL140	0	0.954	1.572	8.658	RP11-34P13.7	0
2	chr1	11093	11785	DL166	0	1.389	0	18.878	RP11-34P13.7	0
2	chr1	11093	11785	DL188	0	0.824	1.387	11.324	RP11-34P13.7	0
2	chr1	11093	11785	DL191	0	2.125	0	0	RP11-34P13.7	0
2	chr1	11093	11785	DL3A193	0	0.522	0	0	RP11-34P13.7	0
2	chr1	11093	11785	DL237	1.38	2.169	1.333	16.352	RP11-34P13.7	0
2	chr1	11093	11785	DL252	1.25	1.280	0.479	5.203	RP11-34P13.7	0
2	chr1	11093	11785	DL273	0.99	0.877	0.844	3.672	RP11-34P13.7	0
2	chr1	11093	11785	DL397	0.88	1.221	0	0	RP11-34P13.7	0
2	chr1	11093	11785	DL3A538	0.99	0.408	1.862	14.398	RP11-34P13.7	0
2	chr1	11093	11785	DL551	2.66	1.608	1.686	21.055	RP11-34P13.7	0
2	chr1	11093	11785	DL487	0.74	0	0	0	RP11-34P13.7	0
2	chr1	11093	11785	DL3B538	0	0	0	0	RP11-34P13.7	0
2	chr1	11093	11785	DL135	0.85	1.221	0.792	6.749	RP11-34P13.15	0
2	chr1	11093	11785	DL140	0	0.954	1.572	8.658	RP11-34P13.15	0
2	chr1	11093	11785	DL166	0	1.389	0	18.878	RP11-34P13.15	0
2	chr1	11093	11785	DL188	0	0.824	1.387	11.324	RP11-34P13.15	0
2	chr1	11093	11785	DL191	0	2.125	0	0	RP11-34P13.15	0
2	chr1	11093	11785	DL3A193	0	0.522	0	0	RP11-34P13.15	0
2	chr1	11093	11785	DL237	1.38	2.169	1.333	16.352	RP11-34P13.15	0
2	chr1	11093	11785	DL252	1.25	1.280	0.479	5.203	RP11-34P13.15	0
2	chr1	11093	11785	DL273	0.99	0.877	0.844	3.672	RP11-34P13.15	0
2	chr1	11093	11785	DL397	0.88	1.221	0	0	RP11-34P13.15	0
2	chr1	11093	11785	DL3A538	0.99	0.408	1.862	14.398	RP11-34P13.15	0
2	chr1	11093	11785	DL551	2.66	1.608	1.686	21.055	RP11-34P13.15	0
2	chr1	11093	11785	DL487	0.74	0	0	0	RP11-34P13.15	0
2	chr1	11093	11785	DL3B538	0	0	0	0	RP11-34P13.15	0
2	chr1	11093	11785	DL135	0.85	1.221	0.792	6.749	RP11-34P13.16	0
2	chr1	11093	11785	DL140	0	0.954	1.572	8.658	RP11-34P13.16	0
2	chr1	11093	11785	DL166	0	1.389	0	18.878	RP11-34P13.16	0
2	chr1	11093	11785	DL188	0	0.824	1.387	11.324	RP11-34P13.16	0
2	chr1	11093	11785	DL191	0	2.125	0	0	RP11-34P13.16	0
2	chr1	11093	11785	DL3A193	0	0.522	0	0	RP11-34P13.16	0
2	chr1	11093	11785	DL237	1.38	2.169	1.333	16.352	RP11-34P13.16	0
2	chr1	11093	11785	DL252	1.25	1.280	0.479	5.203	RP11-34P13.16	0
2	chr1	11093	11785	DL273	0.99	0.877	0.844	3.672	RP11-34P13.16	0
2	chr1	11093	11785	DL397	0.88	1.221	0	0	RP11-34P13.16	0
2	chr1	11093	11785	DL3A538	0.99	0.408	1.862	14.398	RP11-34P13.16	0
2	chr1	11093	11785	DL551	2.66	1.608	1.686	21.055	RP11-34P13.16	0
2	chr1	11093	11785	DL487	0.74	0	0	0	RP11-34P13.16	0
2	chr1	11093	11785	DL3B538	0	0	0	0	RP11-34P13.16	0
2	chr1	11093	11785	DL135	0.85	1.221	0.792	6.749	AL627309.1	0
2	chr1	11093	11785	DL140	0	0.954	1.572	8.658	AL627309.1	0
2	chr1	11093	11785	DL166	0	1.389	0	18.878	AL627309.1	0
2	chr1	11093	11785	DL188	0	0.824	1.387	11.324	AL627309.1	0
2	chr1	11093	11785	DL191	0	2.125	0	0	AL627309.1	0
2	chr1	11093	11785	DL3A193	0	0.522	0	0	AL627309.1	0
2	chr1	11093	11785	DL237	1.38	2.169	1.333	16.352	AL627309.1	0
2	chr1	11093	11785	DL252	1.25	1.280	0.479	5.203	AL627309.1	0
2	chr1	11093	11785	DL273	0.99	0.877	0.844	3.672	AL627309.1	0
2	chr1	11093	11785	DL397	0.88	1.221	0	0	AL627309.1	0
2	chr1	11093	11785	DL3A538	0.99	0.408	1.862	14.398	AL627309.1	0
2	chr1	11093	11785	DL551	2.66	1.608	1.686	21.055	AL627309.1	0
2	chr1	11093	11785	DL487	0.74	0	0	0	AL627309.1	0
2	chr1	11093	11785	DL3B538	0	0	0	0	AL627309.1	0
2	chr1	11093	11785	DL135	0.85	1.221	0.792	6.749	RP11-34P13.14	0
2	chr1	11093	11785	DL140	0	0.954	1.572	8.658	RP11-34P13.14	0
2	chr1	11093	11785	DL166	0	1.389	0	18.878	RP11-34P13.14	0
2	chr1	11093	11785	DL188	0	0.824	1.387	11.324	RP11-34P13.14	0
2	chr1	11093	11785	DL191	0	2.125	0	0	RP11-34P13.14	0
2	chr1	11093	11785	DL3A193	0	0.522	0	0	RP11-34P13.14	0
2	chr1	11093	11785	DL237	1.38	2.169	1.333	16.352	RP11-34P13.14	0
2	chr1	11093	11785	DL252	1.25	1.280	0.479	5.203	RP11-34P13.14	0
2	chr1	11093	11785	DL273	0.99	0.877	0.844	3.672	RP11-34P13.14	0
2	chr1	11093	11785	DL397	0.88	1.221	0	0	RP11-34P13.14	0
2	chr1	11093	11785	DL3A538	0.99	0.408	1.862	14.398	RP11-34P13.14	0
2	chr1	11093	11785	DL551	2.66	1.608	1.686	21.055	RP11-34P13.14	0
2	chr1	11093	11785	DL487	0.74	0	0	0	RP11-34P13.14	0
2	chr1	11093	11785	DL3B538	0	0	0	0	RP11-34P13.14	0
2	chr1	11093	11785	DL135	0.85	1.221	0.792	6.749	Y_RNA	0
2	chr1	11093	11785	DL140	0	0.954	1.572	8.658	Y_RNA	0
2	chr1	11093	11785	DL166	0	1.389	0	18.878	Y_RNA	0
2	chr1	11093	11785	DL188	0	0.824	1.387	11.324	Y_RNA	0
2	chr1	11093	11785	DL191	0	2.125	0	0	Y_RNA	0
2	chr1	11093	11785	DL3A193	0	0.522	0	0	Y_RNA	0
2	chr1	11093	11785	DL237	1.38	2.169	1.333	16.352	Y_RNA	0
2	chr1	11093	11785	DL252	1.25	1.280	0.479	5.203	Y_RNA	0
2	chr1	11093	11785	DL273	0.99	0.877	0.844	3.672	Y_RNA	0
2	chr1	11093	11785	DL397	0.88	1.221	0	0	Y_RNA	0
2	chr1	11093	11785	DL3A538	0.99	0.408	1.862	14.398	Y_RNA	0
2	chr1	11093	11785	DL551	2.66	1.608	1.686	21.055	Y_RNA	0
2	chr1	11093	11785	DL487	0.74	0	0	0	Y_RNA	0
2	chr1	11093	11785	DL3B538	0	0	0	0	Y_RNA	0
2	chr1	11093	11785	DL135	0.85	1.221	0.792	6.749	RNU6-1100P	0
2	chr1	11093	11785	DL140	0	0.954	1.572	8.658	RNU6-1100P	0
2	chr1	11093	11785	DL166	0	1.389	0	18.878	RNU6-1100P	0
2	chr1	11093	11785	DL188	0	0.824	1.387	11.324	RNU6-1100P	0
2	chr1	11093	11785	DL191	0	2.125	0	0	RNU6-1100P	0
2	chr1	11093	11785	DL3A193	0	0.522	0	0	RNU6-1100P	0
2	chr1	11093	11785	DL237	1.38	2.169	1.333	16.352	RNU6-1100P	0
2	chr1	11093	11785	DL252	1.25	1.280	0.479	5.203	RNU6-1100P	0
2	chr1	11093	11785	DL273	0.99	0.877	0.844	3.672	RNU6-1100P	0
2	chr1	11093	11785	DL397	0.88	1.221	0	0	RNU6-1100P	0
2	chr1	11093	11785	DL3A538	0.99	0.408	1.862	14.398	RNU6-1100P	0
2	chr1	11093	11785	DL551	2.66	1.608	1.686	21.055	RNU6-1100P	0
2	chr1	11093	11785	DL487	0.74	0	0	0	RNU6-1100P	0
2	chr1	11093	11785	DL3B538	0	0	0	0	RNU6-1100P	0
2	chr1	11093	11785	DL135	0.85	1.221	0.792	6.749	RP11-34P13.9	0
2	chr1	11093	11785	DL140	0	0.954	1.572	8.658	RP11-34P13.9	0
2	chr1	11093	11785	DL166	0	1.389	0	18.878	RP11-34P13.9	0
2	chr1	11093	11785	DL188	0	0.824	1.387	11.324	RP11-34P13.9	0
2	chr1	11093	11785	DL191	0	2.125	0	0	RP11-34P13.9	0
2	chr1	11093	11785	DL3A193	0	0.522	0	0	RP11-34P13.9	0
2	chr1	11093	11785	DL237	1.38	2.169	1.333	16.352	RP11-34P13.9	0
2	chr1	11093	11785	DL252	1.25	1.280	0.479	5.203	RP11-34P13.9	0
2	chr1	11093	11785	DL273	0.99	0.877	0.844	3.672	RP11-34P13.9	0
2	chr1	11093	11785	DL397	0.88	1.221	0	0	RP11-34P13.9	0
2	chr1	11093	11785	DL3A538	0.99	0.408	1.862	14.398	RP11-34P13.9	0
2	chr1	11093	11785	DL551	2.66	1.608	1.686	21.055	RP11-34P13.9	0
2	chr1	11093	11785	DL487	0.74	0	0	0	RP11-34P13.9	0
2	chr1	11093	11785	DL3B538	0	0	0	0	RP11-34P13.9	0
2	chr1	11093	11785	DL135	0.85	1.221	0.792	6.749	RP11-34P13.13	0
2	chr1	11093	11785	DL140	0	0.954	1.572	8.658	RP11-34P13.13	0
2	chr1	11093	11785	DL166	0	1.389	0	18.878	RP11-34P13.13	0
2	chr1	11093	11785	DL188	0	0.824	1.387	11.324	RP11-34P13.13	0
2	chr1	11093	11785	DL191	0	2.125	0	0	RP11-34P13.13	0
2	chr1	11093	11785	DL3A193	0	0.522	0	0	RP11-34P13.13	0
2	chr1	11093	11785	DL237	1.38	2.169	1.333	16.352	RP11-34P13.13	0
2	chr1	11093	11785	DL252	1.25	1.280	0.479	5.203	RP11-34P13.13	0
2	chr1	11093	11785	DL273	0.99	0.877	0.844	3.672	RP11-34P13.13	0
2	chr1	11093	11785	DL397	0.88	1.221	0	0	RP11-34P13.13	0
2	chr1	11093	11785	DL3A538	0.99	0.408	1.862	14.398	RP11-34P13.13	0
2	chr1	11093	11785	DL551	2.66	1.608	1.686	21.055	RP11-34P13.13	0
2	chr1	11093	11785	DL487	0.74	0	0	0	RP11-34P13.13	0
2	chr1	11093	11785	DL3B538	0	0	0	0	RP11-34P13.13	0
2	chr1	11093	11785	DL135	0.85	1.221	0.792	6.749	AP006222.1	0
2	chr1	11093	11785	DL140	0	0.954	1.572	8.658	AP006222.1	0
2	chr1	11093	11785	DL166	0	1.389	0	18.878	AP006222.1	0
2	chr1	11093	11785	DL188	0	0.824	1.387	11.324	AP006222.1	0
2	chr1	11093	11785	DL191	0	2.125	0	0	AP006222.1	0
2	chr1	11093	11785	DL3A193	0	0.522	0	0	AP006222.1	0
2	chr1	11093	11785	DL237	1.38	2.169	1.333	16.352	AP006222.1	0
2	chr1	11093	11785	DL252	1.25	1.280	0.479	5.203	AP006222.1	0
2	chr1	11093	11785	DL273	0.99	0.877	0.844	3.672	AP006222.1	0
2	chr1	11093	11785	DL397	0.88	1.221	0	0	AP006222.1	0
2	chr1	11093	11785	DL3A538	0.99	0.408	1.862	14.398	AP006222.1	0
2	chr1	11093	11785	DL551	2.66	1.608	1.686	21.055	AP006222.1	0
2	chr1	11093	11785	DL487	0.74	0	0	0	AP006222.1	0
2	chr1	11093	11785	DL3B538	0	0	0	0	AP006222.1	0
2	chr1	11093	11785	DL135	0.85	1.221	0.792	6.749	AP006222.2	0
2	chr1	11093	11785	DL140	0	0.954	1.572	8.658	AP006222.2	0
2	chr1	11093	11785	DL166	0	1.389	0	18.878	AP006222.2	0
2	chr1	11093	11785	DL188	0	0.824	1.387	11.324	AP006222.2	0
2	chr1	11093	11785	DL191	0	2.125	0	0	AP006222.2	0
2	chr1	11093	11785	DL3A193	0	0.522	0	0	AP006222.2	0
2	chr1	11093	11785	DL237	1.38	2.169	1.333	16.352	AP006222.2	0
2	chr1	11093	11785	DL252	1.25	1.280	0.479	5.203	AP006222.2	0
2	chr1	11093	11785	DL273	0.99	0.877	0.844	3.672	AP006222.2	0
2	chr1	11093	11785	DL397	0.88	1.221	0	0	AP006222.2	0
2	chr1	11093	11785	DL3A538	0.99	0.408	1.862	14.398	AP006222.2	0
2	chr1	11093	11785	DL551	2.66	1.608	1.686	21.055	AP006222.2	0
2	chr1	11093	11785	DL487	0.74	0	0	0	AP006222.2	0
2	chr1	11093	11785	DL3B538	0	0	0	0	AP006222.2	0
2	chr1	11093	11785	DL135	0.85	1.221	0.792	6.749	RP4-669L17.10	0
2	chr1	11093	11785	DL140	0	0.954	1.572	8.658	RP4-669L17.10	0
2	chr1	11093	11785	DL166	0	1.389	0	18.878	RP4-669L17.10	0
2	chr1	11093	11785	DL188	0	0.824	1.387	11.324	RP4-669L17.10	0
2	chr1	11093	11785	DL191	0	2.125	0	0	RP4-669L17.10	0
2	chr1	11093	11785	DL3A193	0	0.522	0	0	RP4-669L17.10	0
2	chr1	11093	11785	DL237	1.38	2.169	1.333	16.352	RP4-669L17.10	0
2	chr1	11093	11785	DL252	1.25	1.280	0.479	5.203	RP4-669L17.10	0
2	chr1	11093	11785	DL273	0.99	0.877	0.844	3.672	RP4-669L17.10	0
2	chr1	11093	11785	DL397	0.88	1.221	0	0	RP4-669L17.10	0
2	chr1	11093	11785	DL3A538	0.99	0.408	1.862	14.398	RP4-669L17.10	0
2	chr1	11093	11785	DL551	2.66	1.608	1.686	21.055	RP4-669L17.10	0
2	chr1	11093	11785	DL487	0.74	0	0	0	RP4-669L17.10	0
2	chr1	11093	11785	DL3B538	0	0	0	0	RP4-669L17.10	0
2	chr1	11093	11785	DL135	0.85	1.221	0.792	6.749	RP4-669L17.8	0
2	chr1	11093	11785	DL140	0	0.954	1.572	8.658	RP4-669L17.8	0
2	chr1	11093	11785	DL166	0	1.389	0	18.878	RP4-669L17.8	0
2	chr1	11093	11785	DL188	0	0.824	1.387	11.324	RP4-669L17.8	0
2	chr1	11093	11785	DL191	0	2.125	0	0	RP4-669L17.8	0
2	chr1	11093	11785	DL3A193	0	0.522	0	0	RP4-669L17.8	0
2	chr1	11093	11785	DL237	1.38	2.169	1.333	16.352	RP4-669L17.8	0
2	chr1	11093	11785	DL252	1.25	1.280	0.479	5.203	RP4-669L17.8	0
2	chr1	11093	11785	DL273	0.99	0.877	0.844	3.672	RP4-669L17.8	0
2	chr1	11093	11785	DL397	0.88	1.221	0	0	RP4-669L17.8	0
2	chr1	11093	11785	DL3A538	0.99	0.408	1.862	14.398	RP4-669L17.8	0
2	chr1	11093	11785	DL551	2.66	1.608	1.686	21.055	RP4-669L17.8	0
2	chr1	11093	11785	DL487	0.74	0	0	0	RP4-669L17.8	0
2	chr1	11093	11785	DL3B538	0	0	0	0	RP4-669L17.8	0
2	chr1	11093	11785	DL135	0.85	1.221	0.792	6.749	CICP7	0
2	chr1	11093	11785	DL140	0	0.954	1.572	8.658	CICP7	0
2	chr1	11093	11785	DL166	0	1.389	0	18.878	CICP7	0
2	chr1	11093	11785	DL188	0	0.824	1.387	11.324	CICP7	0
2	chr1	11093	11785	DL191	0	2.125	0	0	CICP7	0
2	chr1	11093	11785	DL3A193	0	0.522	0	0	CICP7	0
2	chr1	11093	11785	DL237	1.38	2.169	1.333	16.352	CICP7	0
2	chr1	11093	11785	DL252	1.25	1.280	0.479	5.203	CICP7	0
2	chr1	11093	11785	DL273	0.99	0.877	0.844	3.672	CICP7	0
2	chr1	11093	11785	DL397	0.88	1.221	0	0	CICP7	0
2	chr1	11093	11785	DL3A538	0.99	0.408	1.862	14.398	CICP7	0
2	chr1	11093	11785	DL551	2.66	1.608	1.686	21.055	CICP7	0
2	chr1	11093	11785	DL487	0.74	0	0	0	CICP7	0
2	chr1	11093	11785	DL3B538	0	0	0	0	CICP7	0
2	chr1	11093	11785	DL135	0.85	1.221	0.792	6.749	RP4-669L17.4	0
2	chr1	11093	11785	DL140	0	0.954	1.572	8.658	RP4-669L17.4	0
2	chr1	11093	11785	DL166	0	1.389	0	18.878	RP4-669L17.4	0
2	chr1	11093	11785	DL188	0	0.824	1.387	11.324	RP4-669L17.4	0
2	chr1	11093	11785	DL191	0	2.125	0	0	RP4-669L17.4	0
2	chr1	11093	11785	DL3A193	0	0.522	0	0	RP4-669L17.4	0
2	chr1	11093	11785	DL237	1.38	2.169	1.333	16.352	RP4-669L17.4	0
2	chr1	11093	11785	DL252	1.25	1.280	0.479	5.203	RP4-669L17.4	0
2	chr1	11093	11785	DL273	0.99	0.877	0.844	3.672	RP4-669L17.4	0
2	chr1	11093	11785	DL397	0.88	1.221	0	0	RP4-669L17.4	0
2	chr1	11093	11785	DL3A538	0.99	0.408	1.862	14.398	RP4-669L17.4	0
2	chr1	11093	11785	DL551	2.66	1.608	1.686	21.055	RP4-669L17.4	0
2	chr1	11093	11785	DL487	0.74	0	0	0	RP4-669L17.4	0
2	chr1	11093	11785	DL3B538	0	0	0	0	RP4-669L17.4	0
2	chr1	11093	11785	DL135	0.85	1.221	0.792	6.749	OR4F29	0
2	chr1	11093	11785	DL140	0	0.954	1.572	8.658	OR4F29	0
2	chr1	11093	11785	DL166	0	1.389	0	18.878	OR4F29	0
2	chr1	11093	11785	DL188	0	0.824	1.387	11.324	OR4F29	0
2	chr1	11093	11785	DL191	0	2.125	0	0	OR4F29	0
2	chr1	11093	11785	DL3A193	0	0.522	0	0	OR4F29	0
2	chr1	11093	11785	DL237	1.38	2.169	1.333	16.352	OR4F29	0
2	chr1	11093	11785	DL252	1.25	1.280	0.479	5.203	OR4F29	0
2	chr1	11093	11785	DL273	0.99	0.877	0.844	3.672	OR4F29	0
2	chr1	11093	11785	DL397	0.88	1.221	0	0	OR4F29	0
2	chr1	11093	11785	DL3A538	0.99	0.408	1.862	14.398	OR4F29	0
2	chr1	11093	11785	DL551	2.66	1.608	1.686	21.055	OR4F29	0
2	chr1	11093	11785	DL487	0.74	0	0	0	OR4F29	0
2	chr1	11093	11785	DL3B538	0	0	0	0	OR4F29	0
2	chr1	11093	11785	DL135	0.85	1.221	0.792	6.749	WBP1LP7	0
2	chr1	11093	11785	DL140	0	0.954	1.572	8.658	WBP1LP7	0
2	chr1	11093	11785	DL166	0	1.389	0	18.878	WBP1LP7	0
2	chr1	11093	11785	DL188	0	0.824	1.387	11.324	WBP1LP7	0
2	chr1	11093	11785	DL191	0	2.125	0	0	WBP1LP7	0
2	chr1	11093	11785	DL3A193	0	0.522	0	0	WBP1LP7	0
2	chr1	11093	11785	DL237	1.38	2.169	1.333	16.352	WBP1LP7	0
2	chr1	11093	11785	DL252	1.25	1.280	0.479	5.203	WBP1LP7	0
2	chr1	11093	11785	DL273	0.99	0.877	0.844	3.672	WBP1LP7	0
2	chr1	11093	11785	DL397	0.88	1.221	0	0	WBP1LP7	0
2	chr1	11093	11785	DL3A538	0.99	0.408	1.862	14.398	WBP1LP7	0
2	chr1	11093	11785	DL551	2.66	1.608	1.686	21.055	WBP1LP7	0
2	chr1	11093	11785	DL487	0.74	0	0	0	WBP1LP7	0
2	chr1	11093	11785	DL3B538	0	0	0	0	WBP1LP7	0
2	chr1	11093	11785	DL135	0.85	1.221	0.792	6.749	AL732372.1	0
2	chr1	11093	11785	DL140	0	0.954	1.572	8.658	AL732372.1	0
2	chr1	11093	11785	DL166	0	1.389	0	18.878	AL732372.1	0
2	chr1	11093	11785	DL188	0	0.824	1.387	11.324	AL732372.1	0
2	chr1	11093	11785	DL191	0	2.125	0	0	AL732372.1	0
2	chr1	11093	11785	DL3A193	0	0.522	0	0	AL732372.1	0
2	chr1	11093	11785	DL237	1.38	2.169	1.333	16.352	AL732372.1	0
2	chr1	11093	11785	DL252	1.25	1.280	0.479	5.203	AL732372.1	0
2	chr1	11093	11785	DL273	0.99	0.877	0.844	3.672	AL732372.1	0
2	chr1	11093	11785	DL397	0.88	1.221	0	0	AL732372.1	0
2	chr1	11093	11785	DL3A538	0.99	0.408	1.862	14.398	AL732372.1	0
2	chr1	11093	11785	DL551	2.66	1.608	1.686	21.055	AL732372.1	0
2	chr1	11093	11785	DL487	0.74	0	0	0	AL732372.1	0
2	chr1	11093	11785	DL3B538	0	0	0	0	AL732372.1	0
2	chr1	11093	11785	DL135	0.85	1.221	0.792	6.749	RP5-857K21.15	0
2	chr1	11093	11785	DL140	0	0.954	1.572	8.658	RP5-857K21.15	0
2	chr1	11093	11785	DL166	0	1.389	0	18.878	RP5-857K21.15	0
2	chr1	11093	11785	DL188	0	0.824	1.387	11.324	RP5-857K21.15	0
2	chr1	11093	11785	DL191	0	2.125	0	0	RP5-857K21.15	0
2	chr1	11093	11785	DL3A193	0	0.522	0	0	RP5-857K21.15	0
2	chr1	11093	11785	DL237	1.38	2.169	1.333	16.352	RP5-857K21.15	0
2	chr1	11093	11785	DL252	1.25	1.280	0.479	5.203	RP5-857K21.15	0
2	chr1	11093	11785	DL273	0.99	0.877	0.844	3.672	RP5-857K21.15	0
2	chr1	11093	11785	DL397	0.88	1.221	0	0	RP5-857K21.15	0
2	chr1	11093	11785	DL3A538	0.99	0.408	1.862	14.398	RP5-857K21.15	0
2	chr1	11093	11785	DL551	2.66	1.608	1.686	21.055	RP5-857K21.15	0
2	chr1	11093	11785	DL487	0.74	0	0	0	RP5-857K21.15	0
2	chr1	11093	11785	DL3B538	0	0	0	0	RP5-857K21.15	0
2	chr1	11093	11785	DL135	0.85	1.221	0.792	6.749	RP4-669L17.2	0
2	chr1	11093	11785	DL140	0	0.954	1.572	8.658	RP4-669L17.2	0
2	chr1	11093	11785	DL166	0	1.389	0	18.878	RP4-669L17.2	0
2	chr1	11093	11785	DL188	0	0.824	1.387	11.324	RP4-669L17.2	0
2	chr1	11093	11785	DL191	0	2.125	0	0	RP4-669L17.2	0
2	chr1	11093	11785	DL3A193	0	0.522	0	0	RP4-669L17.2	0
2	chr1	11093	11785	DL237	1.38	2.169	1.333	16.352	RP4-669L17.2	0
2	chr1	11093	11785	DL252	1.25	1.280	0.479	5.203	RP4-669L17.2	0
2	chr1	11093	11785	DL273	0.99	0.877	0.844	3.672	RP4-669L17.2	0
2	chr1	11093	11785	DL397	0.88	1.221	0	0	RP4-669L17.2	0
2	chr1	11093	11785	DL3A538	0.99	0.408	1.862	14.398	RP4-669L17.2	0
2	chr1	11093	11785	DL551	2.66	1.608	1.686	21.055	RP4-669L17.2	0
2	chr1	11093	11785	DL487	0.74	0	0	0	RP4-669L17.2	0
2	chr1	11093	11785	DL3B538	0	0	0	0	RP4-669L17.2	0
2	chr1	11093	11785	DL135	0.85	1.221	0.792	6.749	RP4-669L17.1	0
2	chr1	11093	11785	DL140	0	0.954	1.572	8.658	RP4-669L17.1	0
2	chr1	11093	11785	DL166	0	1.389	0	18.878	RP4-669L17.1	0
2	chr1	11093	11785	DL188	0	0.824	1.387	11.324	RP4-669L17.1	0
2	chr1	11093	11785	DL191	0	2.125	0	0	RP4-669L17.1	0
2	chr1	11093	11785	DL3A193	0	0.522	0	0	RP4-669L17.1	0
2	chr1	11093	11785	DL237	1.38	2.169	1.333	16.352	RP4-669L17.1	0
2	chr1	11093	11785	DL252	1.25	1.280	0.479	5.203	RP4-669L17.1	0
2	chr1	11093	11785	DL273	0.99	0.877	0.844	3.672	RP4-669L17.1	0
2	chr1	11093	11785	DL397	0.88	1.221	0	0	RP4-669L17.1	0
2	chr1	11093	11785	DL3A538	0.99	0.408	1.862	14.398	RP4-669L17.1	0
2	chr1	11093	11785	DL551	2.66	1.608	1.686	21.055	RP4-669L17.1	0
2	chr1	11093	11785	DL487	0.74	0	0	0	RP4-669L17.1	0
2	chr1	11093	11785	DL3B538	0	0	0	0	RP4-669L17.1	0
3	chr1	13559	14480	DL135	0	3.566	1.491	9.888	DDX11L1	0
3	chr1	13559	14480	DL140	0	2.264	1.003	23.212	DDX11L1	0
3	chr1	13559	14480	DL166	0	2.056	0	12.262	DDX11L1	0
3	chr1	13559	14480	DL188	0	3.228	2.341	24.124	DDX11L1	0
3	chr1	13559	14480	DL191	0	1.254	0	0	DDX11L1	0
3	chr1	13559	14480	DL3A193	0	0.453	0	0	DDX11L1	0
3	chr1	13559	14480	DL237	0	3.581	1.706	40.239	DDX11L1	0
3	chr1	13559	14480	DL252	0	2.251	0.766	10.143	DDX11L1	0
3	chr1	13559	14480	DL273	0	2.248	1.303	22.545	DDX11L1	0
3	chr1	13559	14480	DL397	0	1.126	0	0	DDX11L1	0
3	chr1	13559	14480	DL3A538	0	0.912	1.066	16.125	DDX11L1	0
3	chr1	13559	14480	DL551	0	1.793	0.890	19.417	DDX11L1	0
3	chr1	13559	14480	DL487	0	0	0	0	DDX11L1	0
3	chr1	13559	14480	DL3B538	0	0	0	0	DDX11L1	0
3	chr1	13559	14480	DL135	0	3.566	1.491	9.888	MIR1302-11	0
3	chr1	13559	14480	DL140	0	2.264	1.003	23.212	MIR1302-11	0
3	chr1	13559	14480	DL166	0	2.056	0	12.262	MIR1302-11	0
3	chr1	13559	14480	DL188	0	3.228	2.341	24.124	MIR1302-11	0
3	chr1	13559	14480	DL191	0	1.254	0	0	MIR1302-11	0
3	chr1	13559	14480	DL3A193	0	0.453	0	0	MIR1302-11	0
3	chr1	13559	14480	DL237	0	3.581	1.706	40.239	MIR1302-11	0
3	chr1	13559	14480	DL252	0	2.251	0.766	10.143	MIR1302-11	0
3	chr1	13559	14480	DL273	0	2.248	1.303	22.545	MIR1302-11	0
3	chr1	13559	14480	DL397	0	1.126	0	0	MIR1302-11	0
3	chr1	13559	14480	DL3A538	0	0.912	1.066	16.125	MIR1302-11	0
3	chr1	13559	14480	DL551	0	1.793	0.890	19.417	MIR1302-11	0
3	chr1	13559	14480	DL487	0	0	0	0	MIR1302-11	0
3	chr1	13559	14480	DL3B538	0	0	0	0	MIR1302-11	0
3	chr1	13559	14480	DL135	0	3.566	1.491	9.888	WASH7P	2.011
3	chr1	13559	14480	DL140	0	2.264	1.003	23.212	WASH7P	0
3	chr1	13559	14480	DL166	0	2.056	0	12.262	WASH7P	1.229
3	chr1	13559	14480	DL188	0	3.228	2.341	24.124	WASH7P	0
3	chr1	13559	14480	DL191	0	1.254	0	0	WASH7P	0.542
3	chr1	13559	14480	DL3A193	0	0.453	0	0	WASH7P	0.691
3	chr1	13559	14480	DL237	0	3.581	1.706	40.239	WASH7P	1.192
3	chr1	13559	14480	DL252	0	2.251	0.766	10.143	WASH7P	0.847
3	chr1	13559	14480	DL273	0	2.248	1.303	22.545	WASH7P	0
3	chr1	13559	14480	DL397	0	1.126	0	0	WASH7P	0.897
3	chr1	13559	14480	DL3A538	0	0.912	1.066	16.125	WASH7P	0
3	chr1	13559	14480	DL551	0	1.793	0.890	19.417	WASH7P	0.392
3	chr1	13559	14480	DL487	0	0	0	0	WASH7P	0
3	chr1	13559	14480	DL3B538	0	0	0	0	WASH7P	0.484
3	chr1	13559	14480	DL135	0	3.566	1.491	9.888	FAM138A	0.491
3	chr1	13559	14480	DL140	0	2.264	1.003	23.212	FAM138A	0
3	chr1	13559	14480	DL166	0	2.056	0	12.262	FAM138A	0.211
3	chr1	13559	14480	DL188	0	3.228	2.341	24.124	FAM138A	0
3	chr1	13559	14480	DL191	0	1.254	0	0	FAM138A	1.235
3	chr1	13559	14480	DL3A193	0	0.453	0	0	FAM138A	0.446
3	chr1	13559	14480	DL237	0	3.581	1.706	40.239	FAM138A	0.207
3	chr1	13559	14480	DL252	0	2.251	0.766	10.143	FAM138A	0.212
3	chr1	13559	14480	DL273	0	2.248	1.303	22.545	FAM138A	0
3	chr1	13559	14480	DL397	0	1.126	0	0	FAM138A	0.484
3	chr1	13559	14480	DL3A538	0	0.912	1.066	16.125	FAM138A	0
3	chr1	13559	14480	DL551	0	1.793	0.890	19.417	FAM138A	0.551
3	chr1	13559	14480	DL487	0	0	0	0	FAM138A	0
3	chr1	13559	14480	DL3B538	0	0	0	0	FAM138A	0.357
3	chr1	13559	14480	DL135	0	3.566	1.491	9.888	OR4G4P	0
3	chr1	13559	14480	DL140	0	2.264	1.003	23.212	OR4G4P	0
3	chr1	13559	14480	DL166	0	2.056	0	12.262	OR4G4P	0
3	chr1	13559	14480	DL188	0	3.228	2.341	24.124	OR4G4P	0
3	chr1	13559	14480	DL191	0	1.254	0	0	OR4G4P	0
3	chr1	13559	14480	DL3A193	0	0.453	0	0	OR4G4P	0
3	chr1	13559	14480	DL237	0	3.581	1.706	40.239	OR4G4P	0
3	chr1	13559	14480	DL252	0	2.251	0.766	10.143	OR4G4P	0
3	chr1	13559	14480	DL273	0	2.248	1.303	22.545	OR4G4P	0
3	chr1	13559	14480	DL397	0	1.126	0	0	OR4G4P	0
3	chr1	13559	14480	DL3A538	0	0.912	1.066	16.125	OR4G4P	0
3	chr1	13559	14480	DL551	0	1.793	0.890	19.417	OR4G4P	0
3	chr1	13559	14480	DL487	0	0	0	0	OR4G4P	0
3	chr1	13559	14480	DL3B538	0	0	0	0	OR4G4P	0
3	chr1	13559	14480	DL135	0	3.566	1.491	9.888	OR4G11P	0
3	chr1	13559	14480	DL140	0	2.264	1.003	23.212	OR4G11P	0
3	chr1	13559	14480	DL166	0	2.056	0	12.262	OR4G11P	0
3	chr1	13559	14480	DL188	0	3.228	2.341	24.124	OR4G11P	0
3	chr1	13559	14480	DL191	0	1.254	0	0	OR4G11P	0
3	chr1	13559	14480	DL3A193	0	0.453	0	0	OR4G11P	0
3	chr1	13559	14480	DL237	0	3.581	1.706	40.239	OR4G11P	0
3	chr1	13559	14480	DL252	0	2.251	0.766	10.143	OR4G11P	0
3	chr1	13559	14480	DL273	0	2.248	1.303	22.545	OR4G11P	0
3	chr1	13559	14480	DL397	0	1.126	0	0	OR4G11P	0
3	chr1	13559	14480	DL3A538	0	0.912	1.066	16.125	OR4G11P	0
3	chr1	13559	14480	DL551	0	1.793	0.890	19.417	OR4G11P	0
3	chr1	13559	14480	DL487	0	0	0	0	OR4G11P	0
3	chr1	13559	14480	DL3B538	0	0	0	0	OR4G11P	0
3	chr1	13559	14480	DL135	0	3.566	1.491	9.888	OR4F5	0
3	chr1	13559	14480	DL140	0	2.264	1.003	23.212	OR4F5	0
3	chr1	13559	14480	DL166	0	2.056	0	12.262	OR4F5	0
3	chr1	13559	14480	DL188	0	3.228	2.341	24.124	OR4F5	0
3	chr1	13559	14480	DL191	0	1.254	0	0	OR4F5	0
3	chr1	13559	14480	DL3A193	0	0.453	0	0	OR4F5	0
3	chr1	13559	14480	DL237	0	3.581	1.706	40.239	OR4F5	0
3	chr1	13559	14480	DL252	0	2.251	0.766	10.143	OR4F5	0
3	chr1	13559	14480	DL273	0	2.248	1.303	22.545	OR4F5	0
3	chr1	13559	14480	DL397	0	1.126	0	0	OR4F5	0
3	chr1	13559	14480	DL3A538	0	0.912	1.066	16.125	OR4F5	0
3	chr1	13559	14480	DL551	0	1.793	0.890	19.417	OR4F5	0
3	chr1	13559	14480	DL487	0	0	0	0	OR4F5	0
3	chr1	13559	14480	DL3B538	0	0	0	0	OR4F5	0
3	chr1	13559	14480	DL135	0	3.566	1.491	9.888	RP11-34P13.8	0
3	chr1	13559	14480	DL140	0	2.264	1.003	23.212	RP11-34P13.8	0
3	chr1	13559	14480	DL166	0	2.056	0	12.262	RP11-34P13.8	0
3	chr1	13559	14480	DL188	0	3.228	2.341	24.124	RP11-34P13.8	0
3	chr1	13559	14480	DL191	0	1.254	0	0	RP11-34P13.8	0
3	chr1	13559	14480	DL3A193	0	0.453	0	0	RP11-34P13.8	0
3	chr1	13559	14480	DL237	0	3.581	1.706	40.239	RP11-34P13.8	0
3	chr1	13559	14480	DL252	0	2.251	0.766	10.143	RP11-34P13.8	0
3	chr1	13559	14480	DL273	0	2.248	1.303	22.545	RP11-34P13.8	0
3	chr1	13559	14480	DL397	0	1.126	0	0	RP11-34P13.8	0
3	chr1	13559	14480	DL3A538	0	0.912	1.066	16.125	RP11-34P13.8	0
3	chr1	13559	14480	DL551	0	1.793	0.890	19.417	RP11-34P13.8	0
3	chr1	13559	14480	DL487	0	0	0	0	RP11-34P13.8	0
3	chr1	13559	14480	DL3B538	0	0	0	0	RP11-34P13.8	0
3	chr1	13559	14480	DL135	0	3.566	1.491	9.888	CICP27	0
3	chr1	13559	14480	DL140	0	2.264	1.003	23.212	CICP27	0
3	chr1	13559	14480	DL166	0	2.056	0	12.262	CICP27	0
3	chr1	13559	14480	DL188	0	3.228	2.341	24.124	CICP27	0
3	chr1	13559	14480	DL191	0	1.254	0	0	CICP27	0
3	chr1	13559	14480	DL3A193	0	0.453	0	0	CICP27	0
3	chr1	13559	14480	DL237	0	3.581	1.706	40.239	CICP27	0
3	chr1	13559	14480	DL252	0	2.251	0.766	10.143	CICP27	0
3	chr1	13559	14480	DL273	0	2.248	1.303	22.545	CICP27	0
3	chr1	13559	14480	DL397	0	1.126	0	0	CICP27	0
3	chr1	13559	14480	DL3A538	0	0.912	1.066	16.125	CICP27	0
3	chr1	13559	14480	DL551	0	1.793	0.890	19.417	CICP27	0
3	chr1	13559	14480	DL487	0	0	0	0	CICP27	0
3	chr1	13559	14480	DL3B538	0	0	0	0	CICP27	0
3	chr1	13559	14480	DL135	0	3.566	1.491	9.888	RP11-34P13.7	0
3	chr1	13559	14480	DL140	0	2.264	1.003	23.212	RP11-34P13.7	0
3	chr1	13559	14480	DL166	0	2.056	0	12.262	RP11-34P13.7	0
3	chr1	13559	14480	DL188	0	3.228	2.341	24.124	RP11-34P13.7	0
3	chr1	13559	14480	DL191	0	1.254	0	0	RP11-34P13.7	0
3	chr1	13559	14480	DL3A193	0	0.453	0	0	RP11-34P13.7	0
3	chr1	13559	14480	DL237	0	3.581	1.706	40.239	RP11-34P13.7	0
3	chr1	13559	14480	DL252	0	2.251	0.766	10.143	RP11-34P13.7	0
3	chr1	13559	14480	DL273	0	2.248	1.303	22.545	RP11-34P13.7	0
3	chr1	13559	14480	DL397	0	1.126	0	0	RP11-34P13.7	0
3	chr1	13559	14480	DL3A538	0	0.912	1.066	16.125	RP11-34P13.7	0
3	chr1	13559	14480	DL551	0	1.793	0.890	19.417	RP11-34P13.7	0
3	chr1	13559	14480	DL487	0	0	0	0	RP11-34P13.7	0
3	chr1	13559	14480	DL3B538	0	0	0	0	RP11-34P13.7	0
3	chr1	13559	14480	DL135	0	3.566	1.491	9.888	RP11-34P13.15	0
3	chr1	13559	14480	DL140	0	2.264	1.003	23.212	RP11-34P13.15	0
3	chr1	13559	14480	DL166	0	2.056	0	12.262	RP11-34P13.15	0
3	chr1	13559	14480	DL188	0	3.228	2.341	24.124	RP11-34P13.15	0
3	chr1	13559	14480	DL191	0	1.254	0	0	RP11-34P13.15	0
3	chr1	13559	14480	DL3A193	0	0.453	0	0	RP11-34P13.15	0
3	chr1	13559	14480	DL237	0	3.581	1.706	40.239	RP11-34P13.15	0
3	chr1	13559	14480	DL252	0	2.251	0.766	10.143	RP11-34P13.15	0
3	chr1	13559	14480	DL273	0	2.248	1.303	22.545	RP11-34P13.15	0
3	chr1	13559	14480	DL397	0	1.126	0	0	RP11-34P13.15	0
3	chr1	13559	14480	DL3A538	0	0.912	1.066	16.125	RP11-34P13.15	0
3	chr1	13559	14480	DL551	0	1.793	0.890	19.417	RP11-34P13.15	0
3	chr1	13559	14480	DL487	0	0	0	0	RP11-34P13.15	0
3	chr1	13559	14480	DL3B538	0	0	0	0	RP11-34P13.15	0
3	chr1	13559	14480	DL135	0	3.566	1.491	9.888	RP11-34P13.16	0
3	chr1	13559	14480	DL140	0	2.264	1.003	23.212	RP11-34P13.16	0
3	chr1	13559	14480	DL166	0	2.056	0	12.262	RP11-34P13.16	0
3	chr1	13559	14480	DL188	0	3.228	2.341	24.124	RP11-34P13.16	0
3	chr1	13559	14480	DL191	0	1.254	0	0	RP11-34P13.16	0
3	chr1	13559	14480	DL3A193	0	0.453	0	0	RP11-34P13.16	0
3	chr1	13559	14480	DL237	0	3.581	1.706	40.239	RP11-34P13.16	0
3	chr1	13559	14480	DL252	0	2.251	0.766	10.143	RP11-34P13.16	0
3	chr1	13559	14480	DL273	0	2.248	1.303	22.545	RP11-34P13.16	0
3	chr1	13559	14480	DL397	0	1.126	0	0	RP11-34P13.16	0
3	chr1	13559	14480	DL3A538	0	0.912	1.066	16.125	RP11-34P13.16	0
3	chr1	13559	14480	DL551	0	1.793	0.890	19.417	RP11-34P13.16	0
3	chr1	13559	14480	DL487	0	0	0	0	RP11-34P13.16	0
3	chr1	13559	14480	DL3B538	0	0	0	0	RP11-34P13.16	0
3	chr1	13559	14480	DL135	0	3.566	1.491	9.888	AL627309.1	0
3	chr1	13559	14480	DL140	0	2.264	1.003	23.212	AL627309.1	0
3	chr1	13559	14480	DL166	0	2.056	0	12.262	AL627309.1	0
3	chr1	13559	14480	DL188	0	3.228	2.341	24.124	AL627309.1	0
3	chr1	13559	14480	DL191	0	1.254	0	0	AL627309.1	0
3	chr1	13559	14480	DL3A193	0	0.453	0	0	AL627309.1	0
3	chr1	13559	14480	DL237	0	3.581	1.706	40.239	AL627309.1	0
3	chr1	13559	14480	DL252	0	2.251	0.766	10.143	AL627309.1	0
3	chr1	13559	14480	DL273	0	2.248	1.303	22.545	AL627309.1	0
3	chr1	13559	14480	DL397	0	1.126	0	0	AL627309.1	0
3	chr1	13559	14480	DL3A538	0	0.912	1.066	16.125	AL627309.1	0
3	chr1	13559	14480	DL551	0	1.793	0.890	19.417	AL627309.1	0
3	chr1	13559	14480	DL487	0	0	0	0	AL627309.1	0
3	chr1	13559	14480	DL3B538	0	0	0	0	AL627309.1	0
3	chr1	13559	14480	DL135	0	3.566	1.491	9.888	RP11-34P13.14	0
3	chr1	13559	14480	DL140	0	2.264	1.003	23.212	RP11-34P13.14	0
3	chr1	13559	14480	DL166	0	2.056	0	12.262	RP11-34P13.14	0
3	chr1	13559	14480	DL188	0	3.228	2.341	24.124	RP11-34P13.14	0
3	chr1	13559	14480	DL191	0	1.254	0	0	RP11-34P13.14	0
3	chr1	13559	14480	DL3A193	0	0.453	0	0	RP11-34P13.14	0
3	chr1	13559	14480	DL237	0	3.581	1.706	40.239	RP11-34P13.14	0
3	chr1	13559	14480	DL252	0	2.251	0.766	10.143	RP11-34P13.14	0
3	chr1	13559	14480	DL273	0	2.248	1.303	22.545	RP11-34P13.14	0
3	chr1	13559	14480	DL397	0	1.126	0	0	RP11-34P13.14	0
3	chr1	13559	14480	DL3A538	0	0.912	1.066	16.125	RP11-34P13.14	0
3	chr1	13559	14480	DL551	0	1.793	0.890	19.417	RP11-34P13.14	0
3	chr1	13559	14480	DL487	0	0	0	0	RP11-34P13.14	0
3	chr1	13559	14480	DL3B538	0	0	0	0	RP11-34P13.14	0
3	chr1	13559	14480	DL135	0	3.566	1.491	9.888	Y_RNA	0
3	chr1	13559	14480	DL140	0	2.264	1.003	23.212	Y_RNA	0
3	chr1	13559	14480	DL166	0	2.056	0	12.262	Y_RNA	0
3	chr1	13559	14480	DL188	0	3.228	2.341	24.124	Y_RNA	0
3	chr1	13559	14480	DL191	0	1.254	0	0	Y_RNA	0
3	chr1	13559	14480	DL3A193	0	0.453	0	0	Y_RNA	0
3	chr1	13559	14480	DL237	0	3.581	1.706	40.239	Y_RNA	0
3	chr1	13559	14480	DL252	0	2.251	0.766	10.143	Y_RNA	0
3	chr1	13559	14480	DL273	0	2.248	1.303	22.545	Y_RNA	0
3	chr1	13559	14480	DL397	0	1.126	0	0	Y_RNA	0
3	chr1	13559	14480	DL3A538	0	0.912	1.066	16.125	Y_RNA	0
3	chr1	13559	14480	DL551	0	1.793	0.890	19.417	Y_RNA	0
3	chr1	13559	14480	DL487	0	0	0	0	Y_RNA	0
3	chr1	13559	14480	DL3B538	0	0	0	0	Y_RNA	0
3	chr1	13559	14480	DL135	0	3.566	1.491	9.888	RNU6-1100P	0
3	chr1	13559	14480	DL140	0	2.264	1.003	23.212	RNU6-1100P	0
3	chr1	13559	14480	DL166	0	2.056	0	12.262	RNU6-1100P	0
3	chr1	13559	14480	DL188	0	3.228	2.341	24.124	RNU6-1100P	0
3	chr1	13559	14480	DL191	0	1.254	0	0	RNU6-1100P	0
3	chr1	13559	14480	DL3A193	0	0.453	0	0	RNU6-1100P	0
3	chr1	13559	14480	DL237	0	3.581	1.706	40.239	RNU6-1100P	0
3	chr1	13559	14480	DL252	0	2.251	0.766	10.143	RNU6-1100P	0
3	chr1	13559	14480	DL273	0	2.248	1.303	22.545	RNU6-1100P	0
3	chr1	13559	14480	DL397	0	1.126	0	0	RNU6-1100P	0
3	chr1	13559	14480	DL3A538	0	0.912	1.066	16.125	RNU6-1100P	0
3	chr1	13559	14480	DL551	0	1.793	0.890	19.417	RNU6-1100P	0
3	chr1	13559	14480	DL487	0	0	0	0	RNU6-1100P	0
3	chr1	13559	14480	DL3B538	0	0	0	0	RNU6-1100P	0
3	chr1	13559	14480	DL135	0	3.566	1.491	9.888	RP11-34P13.9	0
3	chr1	13559	14480	DL140	0	2.264	1.003	23.212	RP11-34P13.9	0
3	chr1	13559	14480	DL166	0	2.056	0	12.262	RP11-34P13.9	0
3	chr1	13559	14480	DL188	0	3.228	2.341	24.124	RP11-34P13.9	0
3	chr1	13559	14480	DL191	0	1.254	0	0	RP11-34P13.9	0
3	chr1	13559	14480	DL3A193	0	0.453	0	0	RP11-34P13.9	0
3	chr1	13559	14480	DL237	0	3.581	1.706	40.239	RP11-34P13.9	0
3	chr1	13559	14480	DL252	0	2.251	0.766	10.143	RP11-34P13.9	0
3	chr1	13559	14480	DL273	0	2.248	1.303	22.545	RP11-34P13.9	0
3	chr1	13559	14480	DL397	0	1.126	0	0	RP11-34P13.9	0
3	chr1	13559	14480	DL3A538	0	0.912	1.066	16.125	RP11-34P13.9	0
3	chr1	13559	14480	DL551	0	1.793	0.890	19.417	RP11-34P13.9	0
3	chr1	13559	14480	DL487	0	0	0	0	RP11-34P13.9	0
3	chr1	13559	14480	DL3B538	0	0	0	0	RP11-34P13.9	0
3	chr1	13559	14480	DL135	0	3.566	1.491	9.888	RP11-34P13.13	0
3	chr1	13559	14480	DL140	0	2.264	1.003	23.212	RP11-34P13.13	0
3	chr1	13559	14480	DL166	0	2.056	0	12.262	RP11-34P13.13	0
3	chr1	13559	14480	DL188	0	3.228	2.341	24.124	RP11-34P13.13	0
3	chr1	13559	14480	DL191	0	1.254	0	0	RP11-34P13.13	0
3	chr1	13559	14480	DL3A193	0	0.453	0	0	RP11-34P13.13	0
3	chr1	13559	14480	DL237	0	3.581	1.706	40.239	RP11-34P13.13	0
3	chr1	13559	14480	DL252	0	2.251	0.766	10.143	RP11-34P13.13	0
3	chr1	13559	14480	DL273	0	2.248	1.303	22.545	RP11-34P13.13	0
3	chr1	13559	14480	DL397	0	1.126	0	0	RP11-34P13.13	0
3	chr1	13559	14480	DL3A538	0	0.912	1.066	16.125	RP11-34P13.13	0
3	chr1	13559	14480	DL551	0	1.793	0.890	19.417	RP11-34P13.13	0
3	chr1	13559	14480	DL487	0	0	0	0	RP11-34P13.13	0
3	chr1	13559	14480	DL3B538	0	0	0	0	RP11-34P13.13	0
3	chr1	13559	14480	DL135	0	3.566	1.491	9.888	AP006222.1	0
3	chr1	13559	14480	DL140	0	2.264	1.003	23.212	AP006222.1	0
3	chr1	13559	14480	DL166	0	2.056	0	12.262	AP006222.1	0
3	chr1	13559	14480	DL188	0	3.228	2.341	24.124	AP006222.1	0
3	chr1	13559	14480	DL191	0	1.254	0	0	AP006222.1	0
3	chr1	13559	14480	DL3A193	0	0.453	0	0	AP006222.1	0
3	chr1	13559	14480	DL237	0	3.581	1.706	40.239	AP006222.1	0
3	chr1	13559	14480	DL252	0	2.251	0.766	10.143	AP006222.1	0
3	chr1	13559	14480	DL273	0	2.248	1.303	22.545	AP006222.1	0
3	chr1	13559	14480	DL397	0	1.126	0	0	AP006222.1	0
3	chr1	13559	14480	DL3A538	0	0.912	1.066	16.125	AP006222.1	0
3	chr1	13559	14480	DL551	0	1.793	0.890	19.417	AP006222.1	0
3	chr1	13559	14480	DL487	0	0	0	0	AP006222.1	0
3	chr1	13559	14480	DL3B538	0	0	0	0	AP006222.1	0
3	chr1	13559	14480	DL135	0	3.566	1.491	9.888	AP006222.2	0
3	chr1	13559	14480	DL140	0	2.264	1.003	23.212	AP006222.2	0
3	chr1	13559	14480	DL166	0	2.056	0	12.262	AP006222.2	0
3	chr1	13559	14480	DL188	0	3.228	2.341	24.124	AP006222.2	0
3	chr1	13559	14480	DL191	0	1.254	0	0	AP006222.2	0
3	chr1	13559	14480	DL3A193	0	0.453	0	0	AP006222.2	0
3	chr1	13559	14480	DL237	0	3.581	1.706	40.239	AP006222.2	0
3	chr1	13559	14480	DL252	0	2.251	0.766	10.143	AP006222.2	0
3	chr1	13559	14480	DL273	0	2.248	1.303	22.545	AP006222.2	0
3	chr1	13559	14480	DL397	0	1.126	0	0	AP006222.2	0
3	chr1	13559	14480	DL3A538	0	0.912	1.066	16.125	AP006222.2	0
3	chr1	13559	14480	DL551	0	1.793	0.890	19.417	AP006222.2	0
3	chr1	13559	14480	DL487	0	0	0	0	AP006222.2	0
3	chr1	13559	14480	DL3B538	0	0	0	0	AP006222.2	0
3	chr1	13559	14480	DL135	0	3.566	1.491	9.888	RP4-669L17.10	0
3	chr1	13559	14480	DL140	0	2.264	1.003	23.212	RP4-669L17.10	0
3	chr1	13559	14480	DL166	0	2.056	0	12.262	RP4-669L17.10	0
3	chr1	13559	14480	DL188	0	3.228	2.341	24.124	RP4-669L17.10	0
3	chr1	13559	14480	DL191	0	1.254	0	0	RP4-669L17.10	0
3	chr1	13559	14480	DL3A193	0	0.453	0	0	RP4-669L17.10	0
3	chr1	13559	14480	DL237	0	3.581	1.706	40.239	RP4-669L17.10	0
3	chr1	13559	14480	DL252	0	2.251	0.766	10.143	RP4-669L17.10	0
3	chr1	13559	14480	DL273	0	2.248	1.303	22.545	RP4-669L17.10	0
3	chr1	13559	14480	DL397	0	1.126	0	0	RP4-669L17.10	0
3	chr1	13559	14480	DL3A538	0	0.912	1.066	16.125	RP4-669L17.10	0
3	chr1	13559	14480	DL551	0	1.793	0.890	19.417	RP4-669L17.10	0
3	chr1	13559	14480	DL487	0	0	0	0	RP4-669L17.10	0
3	chr1	13559	14480	DL3B538	0	0	0	0	RP4-669L17.10	0
3	chr1	13559	14480	DL135	0	3.566	1.491	9.888	RP4-669L17.8	0
3	chr1	13559	14480	DL140	0	2.264	1.003	23.212	RP4-669L17.8	0
3	chr1	13559	14480	DL166	0	2.056	0	12.262	RP4-669L17.8	0
3	chr1	13559	14480	DL188	0	3.228	2.341	24.124	RP4-669L17.8	0
3	chr1	13559	14480	DL191	0	1.254	0	0	RP4-669L17.8	0
3	chr1	13559	14480	DL3A193	0	0.453	0	0	RP4-669L17.8	0
3	chr1	13559	14480	DL237	0	3.581	1.706	40.239	RP4-669L17.8	0
3	chr1	13559	14480	DL252	0	2.251	0.766	10.143	RP4-669L17.8	0
3	chr1	13559	14480	DL273	0	2.248	1.303	22.545	RP4-669L17.8	0
3	chr1	13559	14480	DL397	0	1.126	0	0	RP4-669L17.8	0
3	chr1	13559	14480	DL3A538	0	0.912	1.066	16.125	RP4-669L17.8	0
3	chr1	13559	14480	DL551	0	1.793	0.890	19.417	RP4-669L17.8	0
3	chr1	13559	14480	DL487	0	0	0	0	RP4-669L17.8	0
3	chr1	13559	14480	DL3B538	0	0	0	0	RP4-669L17.8	0
3	chr1	13559	14480	DL135	0	3.566	1.491	9.888	CICP7	0
3	chr1	13559	14480	DL140	0	2.264	1.003	23.212	CICP7	0
3	chr1	13559	14480	DL166	0	2.056	0	12.262	CICP7	0
3	chr1	13559	14480	DL188	0	3.228	2.341	24.124	CICP7	0
3	chr1	13559	14480	DL191	0	1.254	0	0	CICP7	0
3	chr1	13559	14480	DL3A193	0	0.453	0	0	CICP7	0
3	chr1	13559	14480	DL237	0	3.581	1.706	40.239	CICP7	0
3	chr1	13559	14480	DL252	0	2.251	0.766	10.143	CICP7	0
3	chr1	13559	14480	DL273	0	2.248	1.303	22.545	CICP7	0
3	chr1	13559	14480	DL397	0	1.126	0	0	CICP7	0
3	chr1	13559	14480	DL3A538	0	0.912	1.066	16.125	CICP7	0
3	chr1	13559	14480	DL551	0	1.793	0.890	19.417	CICP7	0
3	chr1	13559	14480	DL487	0	0	0	0	CICP7	0
3	chr1	13559	14480	DL3B538	0	0	0	0	CICP7	0
3	chr1	13559	14480	DL135	0	3.566	1.491	9.888	RP4-669L17.4	0
3	chr1	13559	14480	DL140	0	2.264	1.003	23.212	RP4-669L17.4	0
3	chr1	13559	14480	DL166	0	2.056	0	12.262	RP4-669L17.4	0
3	chr1	13559	14480	DL188	0	3.228	2.341	24.124	RP4-669L17.4	0
3	chr1	13559	14480	DL191	0	1.254	0	0	RP4-669L17.4	0
3	chr1	13559	14480	DL3A193	0	0.453	0	0	RP4-669L17.4	0
3	chr1	13559	14480	DL237	0	3.581	1.706	40.239	RP4-669L17.4	0
3	chr1	13559	14480	DL252	0	2.251	0.766	10.143	RP4-669L17.4	0
3	chr1	13559	14480	DL273	0	2.248	1.303	22.545	RP4-669L17.4	0
3	chr1	13559	14480	DL397	0	1.126	0	0	RP4-669L17.4	0
3	chr1	13559	14480	DL3A538	0	0.912	1.066	16.125	RP4-669L17.4	0
3	chr1	13559	14480	DL551	0	1.793	0.890	19.417	RP4-669L17.4	0
3	chr1	13559	14480	DL487	0	0	0	0	RP4-669L17.4	0
3	chr1	13559	14480	DL3B538	0	0	0	0	RP4-669L17.4	0
3	chr1	13559	14480	DL135	0	3.566	1.491	9.888	OR4F29	0
3	chr1	13559	14480	DL140	0	2.264	1.003	23.212	OR4F29	0
3	chr1	13559	14480	DL166	0	2.056	0	12.262	OR4F29	0
3	chr1	13559	14480	DL188	0	3.228	2.341	24.124	OR4F29	0
3	chr1	13559	14480	DL191	0	1.254	0	0	OR4F29	0
3	chr1	13559	14480	DL3A193	0	0.453	0	0	OR4F29	0
3	chr1	13559	14480	DL237	0	3.581	1.706	40.239	OR4F29	0
3	chr1	13559	14480	DL252	0	2.251	0.766	10.143	OR4F29	0
3	chr1	13559	14480	DL273	0	2.248	1.303	22.545	OR4F29	0
3	chr1	13559	14480	DL397	0	1.126	0	0	OR4F29	0
3	chr1	13559	14480	DL3A538	0	0.912	1.066	16.125	OR4F29	0
3	chr1	13559	14480	DL551	0	1.793	0.890	19.417	OR4F29	0
3	chr1	13559	14480	DL487	0	0	0	0	OR4F29	0
3	chr1	13559	14480	DL3B538	0	0	0	0	OR4F29	0
3	chr1	13559	14480	DL135	0	3.566	1.491	9.888	WBP1LP7	0
3	chr1	13559	14480	DL140	0	2.264	1.003	23.212	WBP1LP7	0
3	chr1	13559	14480	DL166	0	2.056	0	12.262	WBP1LP7	0
3	chr1	13559	14480	DL188	0	3.228	2.341	24.124	WBP1LP7	0
3	chr1	13559	14480	DL191	0	1.254	0	0	WBP1LP7	0
3	chr1	13559	14480	DL3A193	0	0.453	0	0	WBP1LP7	0
3	chr1	13559	14480	DL237	0	3.581	1.706	40.239	WBP1LP7	0
3	chr1	13559	14480	DL252	0	2.251	0.766	10.143	WBP1LP7	0
3	chr1	13559	14480	DL273	0	2.248	1.303	22.545	WBP1LP7	0
3	chr1	13559	14480	DL397	0	1.126	0	0	WBP1LP7	0
3	chr1	13559	14480	DL3A538	0	0.912	1.066	16.125	WBP1LP7	0
3	chr1	13559	14480	DL551	0	1.793	0.890	19.417	WBP1LP7	0
3	chr1	13559	14480	DL487	0	0	0	0	WBP1LP7	0
3	chr1	13559	14480	DL3B538	0	0	0	0	WBP1LP7	0
3	chr1	13559	14480	DL135	0	3.566	1.491	9.888	AL732372.1	0
3	chr1	13559	14480	DL140	0	2.264	1.003	23.212	AL732372.1	0
3	chr1	13559	14480	DL166	0	2.056	0	12.262	AL732372.1	0
3	chr1	13559	14480	DL188	0	3.228	2.341	24.124	AL732372.1	0
3	chr1	13559	14480	DL191	0	1.254	0	0	AL732372.1	0
3	chr1	13559	14480	DL3A193	0	0.453	0	0	AL732372.1	0
3	chr1	13559	14480	DL237	0	3.581	1.706	40.239	AL732372.1	0
3	chr1	13559	14480	DL252	0	2.251	0.766	10.143	AL732372.1	0
3	chr1	13559	14480	DL273	0	2.248	1.303	22.545	AL732372.1	0
3	chr1	13559	14480	DL397	0	1.126	0	0	AL732372.1	0
3	chr1	13559	14480	DL3A538	0	0.912	1.066	16.125	AL732372.1	0
3	chr1	13559	14480	DL551	0	1.793	0.890	19.417	AL732372.1	0
3	chr1	13559	14480	DL487	0	0	0	0	AL732372.1	0
3	chr1	13559	14480	DL3B538	0	0	0	0	AL732372.1	0
3	chr1	13559	14480	DL135	0	3.566	1.491	9.888	RP5-857K21.15	0
3	chr1	13559	14480	DL140	0	2.264	1.003	23.212	RP5-857K21.15	0
3	chr1	13559	14480	DL166	0	2.056	0	12.262	RP5-857K21.15	0
3	chr1	13559	14480	DL188	0	3.228	2.341	24.124	RP5-857K21.15	0
3	chr1	13559	14480	DL191	0	1.254	0	0	RP5-857K21.15	0
3	chr1	13559	14480	DL3A193	0	0.453	0	0	RP5-857K21.15	0
3	chr1	13559	14480	DL237	0	3.581	1.706	40.239	RP5-857K21.15	0
3	chr1	13559	14480	DL252	0	2.251	0.766	10.143	RP5-857K21.15	0
3	chr1	13559	14480	DL273	0	2.248	1.303	22.545	RP5-857K21.15	0
3	chr1	13559	14480	DL397	0	1.126	0	0	RP5-857K21.15	0
3	chr1	13559	14480	DL3A538	0	0.912	1.066	16.125	RP5-857K21.15	0
3	chr1	13559	14480	DL551	0	1.793	0.890	19.417	RP5-857K21.15	0
3	chr1	13559	14480	DL487	0	0	0	0	RP5-857K21.15	0
3	chr1	13559	14480	DL3B538	0	0	0	0	RP5-857K21.15	0
3	chr1	13559	14480	DL135	0	3.566	1.491	9.888	RP4-669L17.2	0
3	chr1	13559	14480	DL140	0	2.264	1.003	23.212	RP4-669L17.2	0
3	chr1	13559	14480	DL166	0	2.056	0	12.262	RP4-669L17.2	0
3	chr1	13559	14480	DL188	0	3.228	2.341	24.124	RP4-669L17.2	0
3	chr1	13559	14480	DL191	0	1.254	0	0	RP4-669L17.2	0
3	chr1	13559	14480	DL3A193	0	0.453	0	0	RP4-669L17.2	0
3	chr1	13559	14480	DL237	0	3.581	1.706	40.239	RP4-669L17.2	0
3	chr1	13559	14480	DL252	0	2.251	0.766	10.143	RP4-669L17.2	0
3	chr1	13559	14480	DL273	0	2.248	1.303	22.545	RP4-669L17.2	0